,0
0,0.053240716979420434
1,0.05325321093099049
2,0.053241107220240086
3,0.05323489956354725
4,0.05322221794742328
5,0.053216771420895134
6,0.053209375399241615
7,0.05321271220739027
8,0.053211689767401406
9,0.05321834866320028
10,0.05323582624427378
11,0.05322225903786783
12,0.05322967090429387
13,0.05323367879999643
14,0.0532429908007054
15,0.053240789080014894
16,0.05323695746505345
17,0.05324192441652509
18,0.05324229043278117
19,0.053246056350826416
20,0.05325292767466985
21,0.05325616544499367
22,0.053252142411153364
23,0.05325323375350067
24,0.05325604921511415
25,0.05325334568638763
26,0.053254390883674216
27,0.053254851559896385
28,0.05322637440160804
29,0.05321705203427754
30,0.05321558652175428
31,0.053205875694878016
32,0.05320021779118159
33,0.0532012963635342
34,0.05320385586327625
35,0.0532000630531627
36,0.05319360357161248
37,0.05319588792032996
38,0.053205149487212784
39,0.05319685254801887
40,0.05319641610990722
41,0.05319076110571841
42,0.053198752765091895
43,0.05319811390617061
44,0.05321986035717894
45,0.05320831711740594
46,0.05320927133673642
47,0.0532236900002367
48,0.05321616221766038
49,0.053227478928310215
50,0.05322402955763473
51,0.053214320800207215
52,0.05320996940558136
53,0.05321046648223094
54,0.05319680033935215
55,0.05319834935907365
56,0.05319089969443378
57,0.053186271693135265
58,0.05318423267974157
59,0.05318777835150512
60,0.053181184950080944
61,0.0531739368358456
62,0.05318181652372188
63,0.05316807263974956
64,0.05318134010607657
65,0.05319242292343872
66,0.053185714448725135
67,0.0531816813397133
68,0.05317967405226639
69,0.05317691272792743
70,0.053176532663192375
71,0.053184789703702995
72,0.05317919145242715
73,0.05316871616891923
74,0.0531696821625556
75,0.05316374542011222
76,0.053159297171689934
77,0.05314762567665698
78,0.05313854811040825
79,0.05315347898084346
80,0.053163122613482224
81,0.05316072745886589
82,0.053165152353965774
83,0.05317676050021938
84,0.053172770591749456
85,0.053163848228435534
86,0.05315944134386039
87,0.053163475548775235
88,0.053173610627396235
89,0.05318196360914988
90,0.053191818360325584
91,0.05319916622281813
92,0.05319589083835602
93,0.053193775208693485
94,0.05318992437989162
95,0.053190760748224604
96,0.05319169441603043
97,0.05320433953302033
98,0.05320849724609037
99,0.05320397698487274
100,0.05318181045728376
101,0.05318386238220475
102,0.05318451416197679
103,0.05318490160005725
104,0.05318194478777751
105,0.05318798918010429
106,0.05319217972701523
107,0.053203724790134216
108,0.05321613839106272
109,0.053217499698221135
110,0.05322604560796708
111,0.05321788078433355
112,0.05321170514512478
113,0.05321962558719856
114,0.053213821949738095
115,0.05320909043669576
116,0.053221408025535384
117,0.05321918193260455
118,0.05322042419087706
119,0.0532197682050287
120,0.053232397939750715
121,0.053219306929373086
122,0.05323149767681324
123,0.053225952805697085
124,0.05323800827116811
125,0.05323721331578587
126,0.053225489114448465
127,0.05323146927196818
128,0.05323365050846522
129,0.05323078429020728
130,0.05322430530812219
131,0.053215348719202714
132,0.05320906674682158
133,0.053205354136923816
134,0.053199709964693934
135,0.05318567349806993
136,0.05318081796564948
137,0.05317641028935194
138,0.05317170890094823
139,0.05316370880200105
140,0.053168392337966296
141,0.053168468560770364
142,0.05317423743372403
143,0.05317605570548875
144,0.053172643037384205
145,0.05317804399673653
146,0.05319367385276685
147,0.05319960441480562
148,0.053184662144191035
149,0.053183134854592286
150,0.053186846377654064
151,0.053194173919565726
152,0.05320385871428358
153,0.05319829113613555
154,0.053193336201589995
155,0.05318584248021565
156,0.0531840142563963
157,0.053181702047279726
158,0.05317567507602222
159,0.05316780526199008
160,0.05317036509436855
161,0.053181711544523814
162,0.05318822520880418
163,0.05317326471639819
164,0.05315552251002855
165,0.053140920099949925
166,0.053152069449289366
167,0.05315045434992547
168,0.05314508342892276
169,0.05314065677016512
170,0.053136960146822315
171,0.053148532517344985
172,0.0531505341519088
173,0.053166248978538916
174,0.05317954929580375
175,0.05316974600037493
176,0.053162772086847165
177,0.053145826154903895
178,0.053144500093808084
179,0.053152207579964784
180,0.05315587175219952
181,0.053171544312698896
182,0.05315706807703503
183,0.05317020011128073
184,0.05317004937673097
185,0.053170364584122214
186,0.05316739501420432
187,0.053176434146407214
188,0.053185902455152485
189,0.05317491963482975
190,0.05316750899795935
191,0.053161707784736695
192,0.05314722372869835
193,0.053139530667604434
194,0.05314716633415779
195,0.053141757651994366
196,0.05313768652298431
197,0.053120134749210166
198,0.05311121051144467
199,0.053120315670965465
200,0.053120169543144115
201,0.05313620253938566
202,0.053140513561943534
203,0.05314866731693434
204,0.05315990279726545
205,0.05315280294307313
206,0.05315919748656788
207,0.053150304142339184
208,0.053150073139028184
209,0.05315570061469875
210,0.05316436531734663
211,0.05316496970840826
212,0.05317180821067105
213,0.0531884321110884
214,0.053193941299770266
215,0.05318482306489762
216,0.05318817100459794
217,0.05318899278840896
218,0.05319072054245525
219,0.05320346372223709
220,0.05322014997177296
221,0.05323653992511832
222,0.053239318550012564
223,0.05325469086198715
224,0.05326114858973691
225,0.053271495767035784
226,0.053275607739395665
227,0.05327986297917962
228,0.05327541419333435
229,0.053280890272084935
230,0.05328324875997137
231,0.05329411704123905
232,0.053307733299335885
233,0.053332159511026184
234,0.053324467372892335
235,0.0533106513826684
236,0.05330869396471763
237,0.0533056352706949
238,0.05330654301575654
239,0.05330906343486687
240,0.05330533170764665
241,0.05331073214157342
242,0.05329279045829918
243,0.0532988005607621
244,0.05328951446316581
245,0.053293354943026165
246,0.05330662787120917
247,0.05332284141743255
248,0.05332426881359124
249,0.05333644292493414
250,0.05333345185511342
251,0.0533241022909777
252,0.05331321070065005
253,0.05331409339551816
254,0.053312105153371966
255,0.053306211579426235
256,0.053296572835744266
257,0.05330379153938886
258,0.053306279550276746
259,0.05329803342071983
260,0.053291432162679314
261,0.05329051437837725
262,0.053289249002632925
263,0.053280822765399465
264,0.05330018780355823
265,0.05329254448214952
266,0.05328390692227858
267,0.05328207967479505
268,0.05328756186846703
269,0.05328267033831652
270,0.053270786207094
271,0.053265822378854084
272,0.0532681454506705
273,0.053263231148797816
274,0.0532749803838454
275,0.053290170370170184
276,0.053299283352269834
277,0.053308241377243416
278,0.05331345664465256
279,0.05330481971653768
280,0.05328997935602305
281,0.05330946978757384
282,0.05331166156087715
283,0.053287565457796116
284,0.05328819322813935
285,0.05328837761892987
286,0.05328905665257642
287,0.05329430680901246
288,0.05329524567805664
289,0.05329794955899676
290,0.05329575386816634
291,0.05328671622202743
292,0.05327665352579823
293,0.053280081228433966
294,0.0532924428108456
295,0.05329993518736414
296,0.05329897889953195
297,0.05329991730221195
298,0.05329302481498515
299,0.05330389125442242
300,0.0533226356819211
301,0.05332877226150472
302,0.053335804712673004
303,0.05333424409544767
304,0.0533389437988312
305,0.053330638490138416
306,0.05333078936200862
307,0.053319720323009565
308,0.053336386162103566
309,0.053333310807892005
310,0.05332286815263872
311,0.05333656931423756
312,0.053327446826247016
313,0.053328112095255516
314,0.053327413901820366
315,0.053319196806688375
316,0.05330654233679147
317,0.0532992273832192
318,0.053298406904821335
319,0.05329818947293771
320,0.05329523450616189
321,0.05328566003779715
322,0.053285432976574135
323,0.05327068946460165
324,0.05326716216364623
325,0.05325664989211299
326,0.0532629495813156
327,0.05325630959021069
328,0.053270750825603085
329,0.05328003660425611
330,0.05328021113883205
331,0.053290347345351034
332,0.05328246851364623
333,0.05327126852571448
334,0.053268442627538014
335,0.05327573281985271
336,0.053289166772489474
337,0.053293734904036265
338,0.05329600527949538
339,0.053298655850667474
340,0.053286562201589865
341,0.053293141782866295
342,0.05329408036490095
343,0.053277992776570485
344,0.05326431192601128
345,0.05326877542348957
346,0.0532734744758902
347,0.053262512207820335
348,0.05325271724326605
349,0.05325680508448132
350,0.05325302290631497
351,0.05325444647837069
352,0.05325943852035718
353,0.053270611273736036
354,0.0532727742028895
355,0.05328027587572722
356,0.05328292009511381
357,0.05328985416562425
358,0.05330213022709837
359,0.05329972676153191
360,0.05330431882095525
361,0.05330421729364363
362,0.05330417442323032
363,0.0533206835910207
364,0.05330996984078387
365,0.053307266712278194
366,0.0533079203743145
367,0.05331130308214617
368,0.05332068677908657
369,0.053320478816159166
370,0.05331727101372294
371,0.053308691324494915
372,0.05331907883838027
373,0.05332815447857788
374,0.05332276713433546
375,0.05332477295400373
376,0.05331971853377927
377,0.05332448765263965
378,0.0533321225149883
379,0.05332587431060687
380,0.053322665941780936
381,0.05331694966182219
382,0.053312268594219364
383,0.05331345340367096
384,0.053295781664291414
385,0.05329501752333493
386,0.05329480526057862
387,0.05328966182948864
388,0.05329067021676399
389,0.05329121225568079
390,0.05329302904812251
391,0.05329058056837894
392,0.05329584216829519
393,0.05329877076061832
394,0.05330201055218126
395,0.053287741942196466
396,0.05329119229209475
397,0.05328315146881081
398,0.05327485658636597
399,0.05328434290640325
400,0.053291424969200016
401,0.05329557776035363
402,0.05330841553797668
403,0.053305332542579256
404,0.05330359175409722
405,0.05331358975894514
406,0.053328720346271424
407,0.053331630645797296
408,0.05332458050931834
409,0.0533096137728146
410,0.05330061292575646
411,0.05330419448756113
412,0.053296850788032465
413,0.0532982777744408
414,0.05330277602587233
415,0.05330079555004445
416,0.05329548968691953
417,0.05329544181401806
418,0.053304137814906886
419,0.0533067373100111
420,0.053301828235310336
421,0.05329761240828488
422,0.053293045059897036
423,0.053299694099547726
424,0.05329662238307502
425,0.053290796024857916
426,0.053299919469253165
427,0.05330256221152183
428,0.05329167660425983
429,0.053306622467101335
430,0.05330965208142584
431,0.05331107241832372
432,0.05331088756580783
433,0.05330956404142825
434,0.053308808570295615
435,0.053318250226243626
436,0.05332267307401487
437,0.05333697092122412
438,0.05333807133216658
439,0.05334604265724786
440,0.05335343379279706
441,0.05336374830308209
442,0.05336933544494445
443,0.0533744241308397
444,0.053370912382502814
445,0.05336956654726445
446,0.053352320874277714
447,0.0533433821994037
448,0.05335951772694002
449,0.0533428027170113
450,0.05333546964433649
451,0.05333123115669844
452,0.05331517588719916
453,0.0533181013552865
454,0.0533352772023586
455,0.05333622322258761
456,0.053344583155354834
457,0.05335288301596698
458,0.05335124836725074
459,0.053361871675233034
460,0.053355666329970936
461,0.05335844331983677
462,0.0533413016608014
463,0.05335415593813092
464,0.05335972152981353
465,0.05337938275520679
466,0.053375895063130334
467,0.05337294839170089
468,0.05337372459759992
469,0.0533710679331512
470,0.05338309558467076
471,0.053385645461810745
472,0.05339062318420732
473,0.053374008474969516
474,0.05336747298364528
475,0.053379808211226516
476,0.05339462397240912
477,0.05339357866896522
478,0.0534019441575209
479,0.053410062674084116
480,0.053406936570960135
481,0.05339269302130588
482,0.053396723889688934
483,0.053393452993757036
484,0.05340031396043135
485,0.053400699075075435
486,0.053400534621214496
487,0.05340041026753218
488,0.05339503571728309
489,0.053399208453363614
490,0.05340424878096688
491,0.053412793569187024
492,0.05341689300280941
493,0.05341646629747406
494,0.05341207440086658
495,0.05341282400981615
496,0.05341104828171858
497,0.0534172955887224
498,0.053419091905586566
499,0.053407629796522
500,0.05341864570892525
501,0.05340488217570735
502,0.053395019579409814
503,0.053384498276931834
504,0.053376962215294484
505,0.05337121148101353
506,0.05337456493474548
507,0.053369113221379966
508,0.05336190027451666
509,0.053365604160970484
510,0.05337302513549198
511,0.05337094725006596
512,0.05335189813428602
513,0.05334648677130364
514,0.053336753295867054
515,0.053336299459204234
516,0.053328120243363315
517,0.0533203959512274
518,0.05331656913753007
519,0.05331025226783925
520,0.05330102781219366
521,0.053280538222116564
522,0.05329040954683673
523,0.053279639656955334
524,0.05327027311470111
525,0.0532639273538046
526,0.05327142788288848
527,0.05326779124815998
528,0.05327106978320438
529,0.05327673873816553
530,0.053269782513001886
531,0.05327978999903999
532,0.05328490831192334
533,0.0532696711109717
534,0.053273404222968536
535,0.05328455854027181
536,0.05327688747099977
537,0.05328358575788049
538,0.05329873556380285
539,0.05328621749322222
540,0.05328608703262378
541,0.05329101607976496
542,0.05330613139822917
543,0.053301145971714065
544,0.05330676940127543
545,0.0532982890953192
546,0.05329618509892746
547,0.053293238402792834
548,0.05329395294636079
549,0.05329240219264952
550,0.05328761313850082
551,0.05329132658054987
552,0.053300581807226174
553,0.05329490533605232
554,0.0532994424375623
555,0.053303888866171434
556,0.05330648670427236
557,0.05331329477072536
558,0.05332060885520845
559,0.05332243264213971
560,0.05331919959470595
561,0.053315758908240515
562,0.05331869266273071
563,0.05331620423814305
564,0.053299318883120735
565,0.05330069337382005
566,0.053298755686324334
567,0.053279938657071216
568,0.05327935254634748
569,0.05327162590819942
570,0.05327158750048791
571,0.05327574660173835
572,0.05326448034742208
573,0.05327182088829577
574,0.05326578766258027
575,0.05326122436234451
576,0.053256419051630664
577,0.053257795879301566
578,0.05324874719888973
579,0.053269666564762896
580,0.05328191158312697
581,0.05326328762646027
582,0.0532643457433768
583,0.053279897879786736
584,0.053278434184848
585,0.053290704485938235
586,0.05328209346845924
587,0.05327268062081608
588,0.053271398537575176
589,0.05325958487617197
590,0.053252829680549535
591,0.053260098371962425
592,0.05327421564078096
593,0.05327575300576247
594,0.053272684717894064
595,0.053269140973246594
596,0.05327362294664894
597,0.0532795778518986
598,0.05328560519840531
599,0.05328381467836973
600,0.05327235396271388
601,0.05326575234871851
602,0.05326765725517287
603,0.053274207348990237
604,0.05327698858352
605,0.05328092507326168
606,0.05327914271439213
607,0.05329825492513768
608,0.05328063847353607
609,0.05327567333116109
610,0.0532671872304873
611,0.05326311185527629
612,0.05326961175675488
613,0.05326013255309396
614,0.05325318316030919
615,0.05325133305860948
616,0.0532556391108236
617,0.053243830449976166
618,0.05324087087489166
619,0.05322402153085396
620,0.053220319447463714
621,0.0532241990833988
622,0.05323536249503874
623,0.053239346733606016
624,0.05322976194539921
625,0.053229476132612516
626,0.053223296924117834
627,0.05323027057328536
628,0.05323353622369189
629,0.0532398382259351
630,0.0532294024887416
631,0.05322100009095579
632,0.053230493887821716
633,0.053225429083796086
634,0.05322394610406785
635,0.05322858422525673
636,0.05322547581458922
637,0.05322048426677642
638,0.05321374333594473
639,0.05321052889712219
640,0.05321934076941669
641,0.053221632505951404
642,0.05322461055332303
643,0.053244249851741664
644,0.053243041729261316
645,0.05323696870741741
646,0.0532288710444184
647,0.053234596034456065
648,0.053245243916722335
649,0.0532416665321662
650,0.053252972228200114
651,0.053246061367224165
652,0.053240982934623586
653,0.05321641622414261
654,0.053233710212915855
655,0.05322757419383967
656,0.05322362222267706
657,0.05321652936626371
658,0.05321733994272819
659,0.05322538368091985
660,0.05321586356026892
661,0.05322990098028589
662,0.05322634389965211
663,0.05321439958546352
664,0.05322129807577092
665,0.05322823250134683
666,0.053224759371856084
667,0.05322451871438931
668,0.0532205880690622
669,0.05321862655720954
670,0.05323140051867495
671,0.05323026824449107
672,0.05323175387734963
673,0.05323537667417374
674,0.05323455364012525
675,0.053230345383619516
676,0.05323782502904373
677,0.05323686747569166
678,0.053239094662402016
679,0.05324245350825048
680,0.05323672642456001
681,0.05323821726219426
682,0.053250364063387866
683,0.0532452409696946
684,0.053251742624950436
685,0.05325943342911329
686,0.05325513570496119
687,0.05324649741998791
688,0.053240612021824486
689,0.0532438248995963
690,0.05324530208884737
691,0.05324669621018533
692,0.05326295463489157
693,0.053248400297714174
694,0.05324304844174179
695,0.05325179265243112
696,0.05324536350312964
697,0.05324275543855558
698,0.05324575295818199
699,0.05323545192232978
700,0.053249652593889515
701,0.05325762280694555
702,0.05325135477593625
703,0.053256228374953474
704,0.053245851763281685
705,0.05323147654763678
706,0.053227494563740416
707,0.05321843463025667
708,0.0532190614143608
709,0.0532243485838217
710,0.053224430581664935
711,0.05322918209128594
712,0.05322895806251638
713,0.053212907699236894
714,0.053216416023195434
715,0.053221611114889315
716,0.05323391420531394
717,0.053224572273413935
718,0.053213010379198976
719,0.053208332797540815
720,0.05321078178058782
721,0.053216423061321835
722,0.05322467604943925
723,0.05321532744961774
724,0.05320117831404901
725,0.053201349434109806
726,0.05321681765848709
727,0.05322018715393763
728,0.05322742162044
729,0.05321094003783816
730,0.05320246882659768
731,0.05319706463161119
732,0.053196352022006455
733,0.05319782975999469
734,0.05320425101655908
735,0.05319764362095
736,0.05318979753646782
737,0.05318879816223383
738,0.053190557252006505
739,0.05318850923463567
740,0.0531855529809925
741,0.053179204850673435
742,0.053166317143883916
743,0.05316149655850675
744,0.05316017897074765
745,0.053166917529044816
746,0.053181408249620116
747,0.053176081778973934
748,0.05317837160872325
749,0.05318264089916138
750,0.053187506809926566
751,0.05317796367704658
752,0.05318978231480926
753,0.05320045479998086
754,0.05319153518962694
755,0.05318769274470903
756,0.05316562690890312
757,0.053176757758290165
758,0.05317808856685818
759,0.05317259704675572
760,0.05318640908549857
761,0.053186722740103824
762,0.0532033848203623
763,0.053211538290839695
764,0.05322411890635185
765,0.053215634358104516
766,0.053204860150136174
767,0.05321145010761457
768,0.05321021734296397
769,0.05320789127964436
770,0.053191088193608106
771,0.05317989383430357
772,0.053179054658934514
773,0.05318160847572672
774,0.05317433050509407
775,0.05317462543392917
776,0.05316637274117734
777,0.053172920109939535
778,0.05317183740254401
779,0.05316077276902289
780,0.053159400620080274
781,0.05315671102462504
782,0.05315779718574172
783,0.05314086339083974
784,0.05314744546465599
785,0.053142899333548016
786,0.05314319910375365
787,0.053140846553219684
788,0.05315710913068723
789,0.05316121771387775
790,0.053181051416718264
791,0.053174833490076734
792,0.053190358280379824
793,0.05319314225106087
794,0.05320237636894844
795,0.053194376304660916
796,0.053188232308174765
797,0.05319047417913125
798,0.05318996994837247
799,0.05318050165219857
800,0.053166053258204116
801,0.05317099302276704
802,0.053177093604265716
803,0.05317451286611174
804,0.053167784518231086
805,0.05317122773298342
806,0.053160319497165036
807,0.053169155787297626
808,0.05316834972748414
809,0.053163178547666466
810,0.05314799721649184
811,0.05315404222904478
812,0.05316664726205606
813,0.05316145166272503
814,0.05317061377030025
815,0.05317069418604645
816,0.053179861449451284
817,0.053189526966771865
818,0.053193294205404716
819,0.05320353998449417
820,0.0532040403431191
821,0.05320871867869498
822,0.05319895084390636
823,0.053203444012637865
824,0.05320238015662841
825,0.053200838043681135
826,0.05319689508771123
827,0.05320070896269735
828,0.05319578528529507
829,0.05319977743936975
830,0.053213625575867014
831,0.053215100701842516
832,0.053194812834535816
833,0.05317386786180908
834,0.05317266677955195
835,0.05316664544091336
836,0.053175759296901666
837,0.053178321680974264
838,0.05318257097021408
839,0.053197043917582516
840,0.053196709609444434
841,0.053195097129483115
842,0.053197515896022105
843,0.053207208965439824
844,0.05320465086737364
845,0.05319716578958687
846,0.05320378516526274
847,0.0531975491761073
848,0.053196328909041406
849,0.05319337741730894
850,0.05319640967062065
851,0.053193893633458895
852,0.05319989326002315
853,0.05320096211961802
854,0.053189414132892736
855,0.053177918765749135
856,0.053183085395733416
857,0.0531903784425608
858,0.05318762458843203
859,0.05318130723520651
860,0.05318392058880773
861,0.05318712139545392
862,0.05318760432079795
863,0.053197494984061816
864,0.05320385827549759
865,0.05320929673420218
866,0.053212143382024665
867,0.05322752102033223
868,0.053232429084046025
869,0.05322416627470465
870,0.05322709120267708
871,0.05322699502818018
872,0.053235344842681366
873,0.053221206688789456
874,0.053213576204909005
875,0.05320392231539845
876,0.053206868312887526
877,0.053208932710786055
878,0.05322182778580338
