,0
0,0.047653103521345073
1,0.04752910303096438
2,0.047617942051199035
3,0.04765470473778554
4,0.047943206063414005
5,0.047821261107008815
6,0.048339765206107214
7,0.048498119497743956
8,0.04879186646900579
9,0.049027905307403606
10,0.04904936857815575
11,0.0488353373877752
12,0.04865990660872437
13,0.04859254279489288
14,0.04843748165913054
15,0.04859581670040158
16,0.04858451323668262
17,0.04868591351643967
18,0.04880401933682326
19,0.048220773513150315
20,0.048153619732668455
21,0.048221710350396636
22,0.04871423031555166
23,0.0489429543667601
24,0.04937990095459776
25,0.04938675699098368
26,0.04901384609716752
27,0.048346827513809
28,0.04811185210902765
29,0.04851246037027434
30,0.04839945304173263
31,0.048483444739641245
32,0.04870079718835287
33,0.04894036355485278
34,0.048549182629035646
35,0.04819815988904768
36,0.048428615798877535
37,0.04897131561113686
38,0.04946347783069668
39,0.049270745622057986
40,0.049174735586622324
41,0.04953543841669391
42,0.04910077958695943
43,0.04889580278489538
44,0.04954230632295029
45,0.05018001810522365
46,0.05015122880889692
47,0.05010166081634448
48,0.04990064011844974
49,0.049900449736140794
50,0.05060354108610945
51,0.05026332001240786
52,0.050320161654690825
53,0.05010179383322937
54,0.049335932837886724
55,0.04890561693714018
56,0.04877399702185787
57,0.04928732537594429
58,0.048938066521496286
59,0.04912153472544802
60,0.048686713222750665
61,0.0491108655402781
62,0.049139868521378076
63,0.04916330747290908
64,0.049121951753156264
65,0.04920495974544959
66,0.04949000080483453
67,0.049009116039390864
68,0.048930328336108726
69,0.04831082868628885
70,0.0479705327393739
71,0.047689979893307914
72,0.04733526289260615
73,0.047217017897719586
74,0.04783993396193378
75,0.047470897647123526
76,0.047196809055296544
77,0.04736220081855317
78,0.04711766167571047
79,0.048206467846344324
80,0.04864069544413604
81,0.04892767064442193
82,0.05003718504566906
83,0.050970133418067214
84,0.05048799888780004
85,0.05061634899951272
86,0.05074693125860607
87,0.050194998533085754
88,0.05015120736936413
89,0.04947029468891297
90,0.05039053119060068
91,0.05023949160249392
92,0.050622252560665874
93,0.05010348892537169
94,0.050776199620152083
95,0.05175476824426966
96,0.05245102270056042
97,0.05332080174958966
98,0.054331805344462296
99,0.055848715536555314
100,0.0508035168908539
101,0.05139356114092957
102,0.050883211669751086
103,0.05124893990374159
104,0.05093407643103756
105,0.05054800422613461
106,0.05018807405156903
107,0.05047464204934092
108,0.050495256294826686
109,0.05000415545110647
110,0.04987270686279014
111,0.050167601344839566
112,0.050601518254928216
113,0.05111531051905927
114,0.05179750655880473
115,0.052725054422379417
116,0.053272494941056264
117,0.053626302949944096
118,0.053920553561855454
119,0.053879518601897804
120,0.053891921024697136
121,0.0534427017714437
122,0.053421078632872036
123,0.05319277154802863
124,0.05308564095885243
125,0.05292730497332791
126,0.05283768682997221
127,0.052616375785500304
128,0.052242778833172084
129,0.052239125907170336
130,0.052143220146742976
131,0.05219777052513517
132,0.05202257690368781
133,0.05204764588830542
134,0.052061068192448136
135,0.05181997704655746
136,0.051883148167345926
137,0.05161798980514524
138,0.0520008105174678
139,0.05227999214502767
140,0.05232089625440126
141,0.052476697649887084
142,0.0525328883295292
143,0.05230850951885625
144,0.05222615013398193
145,0.052381350739964326
146,0.052509699212458565
147,0.052926069903385865
148,0.0530519648259674
149,0.052768877997551145
150,0.052752165329945686
151,0.05268413293741571
152,0.05275684646199387
153,0.052839973166882284
154,0.05292067497742333
155,0.052712747439426624
156,0.052589744982204666
157,0.05226389003151368
158,0.0518612831629653
159,0.05198196330493175
160,0.052086001649653185
161,0.05205841361962943
162,0.0517725017493034
163,0.05154844579874916
164,0.051356623089372624
165,0.051223252182053
166,0.05100486512716902
167,0.05101619122051202
168,0.051365814889246034
169,0.0510707016735923
170,0.05102036998994036
171,0.05098872925005112
172,0.05086355481091341
173,0.05112955828298185
174,0.05108703578616358
175,0.051358626244846606
176,0.05141006786320127
177,0.05170656780224973
178,0.05160175098255215
179,0.05179268873641831
180,0.051712052976868365
181,0.05178872632849054
182,0.0521020037888003
183,0.052279369967042084
184,0.052298722145100215
185,0.05242614651818208
186,0.05244474383486245
187,0.05218308912952352
188,0.05212729673738618
189,0.05216954428280557
190,0.05212648215180938
191,0.05217930720031052
192,0.05239119665430416
193,0.05224367747452767
194,0.05235194228396713
195,0.052135655592769066
196,0.05215807893171824
197,0.05227625172513907
198,0.05232358788857853
199,0.05221729468677632
200,0.05240972521161776
201,0.052509869724119536
202,0.05241390960047347
203,0.0523924976072512
204,0.05243010573284285
205,0.05262411825833864
206,0.05268954880410163
207,0.0527434321777265
208,0.052712721316827485
209,0.052699570818196685
210,0.05281803769916674
211,0.052766535375621586
212,0.05276126029606956
213,0.052746586648953306
214,0.052871326178699635
215,0.0526217069636715
216,0.052963966037870416
217,0.05311347357255729
218,0.05314632195120842
219,0.053228494906821085
220,0.0531239524127195
221,0.053065886109866144
222,0.05278281032035655
223,0.05286474033665554
224,0.05276758719344369
225,0.052929747855479325
226,0.05266433432213671
227,0.052651571830767616
228,0.05255982299566216
229,0.05253597340275897
230,0.0524265852120322
231,0.05248707615929825
232,0.052543192707915916
233,0.05249355306138888
234,0.05266992690843155
235,0.05270105819864826
236,0.05283139470456786
237,0.05246170630084805
238,0.052605514030159575
239,0.052470274128540134
240,0.05237016341607599
241,0.052520810689738
242,0.0525154478539666
243,0.052647138519596605
244,0.05231641029460782
245,0.05235188394615835
246,0.05233794931751492
247,0.0524616477499828
248,0.05202079809763307
249,0.052320011536341963
250,0.052321597601677435
251,0.05193804344734968
252,0.051988833721998
253,0.05179488917981686
254,0.05207276172848846
255,0.05205703216174641
256,0.05197378648743591
257,0.05202639808370165
258,0.05227174380111672
259,0.05206435326911887
260,0.05196711294425545
261,0.052027956929921564
262,0.05199770747168975
263,0.052139303171449235
264,0.05230329555200712
265,0.05248374544593759
266,0.05238283310563952
267,0.052585857821440284
268,0.05280697317618736
269,0.05298673801790155
270,0.053022574386317925
271,0.053260711710093764
272,0.053306283759862086
273,0.05324482795549088
274,0.05294493554570027
275,0.052745952383829016
276,0.052766759886822764
277,0.052675858499312236
278,0.05254442788659495
279,0.0523318070689513
280,0.05244656518538415
281,0.052504987044269605
282,0.05265553423948284
283,0.052594994270489186
284,0.0525974264965687
285,0.0525774775804151
286,0.052465019196850066
287,0.05225143738080571
288,0.052354639310687234
289,0.05250049216077548
290,0.05261626943443126
291,0.052276158790611385
292,0.0522471487383677
293,0.05238790319340897
294,0.052478000176941306
295,0.05238820237103455
296,0.052634617391657264
297,0.052682847733226665
298,0.052609696031614334
299,0.0525477087812477
300,0.05261989281059128
301,0.052933066537202936
302,0.05264141300105901
303,0.052517332355011714
304,0.05247078355222341
305,0.0527664652961153
306,0.05287572929285851
307,0.05285092437888717
308,0.05274763602594044
309,0.05267132572258641
310,0.0525225433916219
311,0.052273827657091966
312,0.05236675949357219
313,0.05275795123256083
314,0.052700295377706236
315,0.05240073237036482
316,0.052160942829788205
317,0.05202929896839152
318,0.051986912183807
319,0.051959086975583234
320,0.05196119787012928
321,0.052110736176135236
322,0.05233307314708463
323,0.052079029118634136
324,0.05213620770770866
325,0.052207485303173415
326,0.052083411488635864
327,0.05234717026693421
328,0.05246525569525275
329,0.05303121709483007
330,0.053034178000275135
331,0.05308026993997986
332,0.05276772490121048
333,0.052705101247816896
334,0.05279477309221069
335,0.05277978695723068
336,0.0528059407124295
337,0.05268422391995163
338,0.05283296021787645
339,0.052347946531521666
340,0.05248016734321247
341,0.052312278433700815
342,0.052403339771101655
343,0.05215291855737142
344,0.052250591904251895
345,0.05216679684962953
346,0.05216097507293816
347,0.0522367883577586
348,0.05179909632612674
349,0.051801192325196414
350,0.05167932780952913
351,0.05162606226658432
352,0.05187703764472116
353,0.05202993708050987
354,0.05207933644617698
355,0.05209382463277233
356,0.05220957912123708
357,0.052355833368978616
358,0.052411310834673465
359,0.05237913349103253
360,0.05244227834845474
361,0.052511644606900124
362,0.05245093009696235
363,0.05242477131855333
364,0.05237183629396072
365,0.05243454357280425
366,0.05235781516429061
367,0.05198000738997762
368,0.05224498840121285
369,0.052930642785437486
370,0.05279878833679439
371,0.05275669519761912
372,0.052460742368239235
373,0.05245285918723094
374,0.05203785843687636
375,0.05216809813798109
376,0.051929776228255634
377,0.0520601751400452
378,0.05229540913766429
379,0.05161278679245957
380,0.05175486957963305
381,0.05172503901299772
382,0.05184941869197076
383,0.0521808185149493
384,0.05250999807511113
385,0.0520559941100203
386,0.05238846130651552
387,0.05217922551161469
388,0.0514107445854563
389,0.05096787014462705
390,0.05158877428113556
391,0.052415378961066086
392,0.05201073943235877
393,0.05133103356737664
394,0.05082803311378509
395,0.05074820457858
396,0.05039788289351047
397,0.05036268434354276
398,0.050246118871537605
399,0.05009243270208032
400,0.04873648302365903
401,0.047760060947903485
402,0.04799233445867264
403,0.04793901262283644
404,0.047641691882603865
405,0.04773158901337056
406,0.047782072467810896
407,0.047776005751857205
408,0.04812914615096597
409,0.04835656318160972
410,0.04863699600304132
411,0.04848377927910362
412,0.047657050681840916
413,0.0471235801616154
414,0.046936713141825404
415,0.046227385088658084
416,0.04536139963892157
417,0.04448886068549561
418,0.04352263291311145
419,0.04286028983044859
420,0.042107670836945464
421,0.0414149736463689
422,0.041427377931910384
423,0.04145504598693432
424,0.041340730084927405
425,0.04137200508086007
426,0.04163887182709081
427,0.04167157103909015
428,0.04175063867939402
429,0.041833735994841637
430,0.04191172894787863
431,0.041874388599793935
432,0.04177123500024391
433,0.041674980421132435
434,0.041566567476538634
435,0.04143813372158717
436,0.041474051001443336
437,0.041430730123496885
438,0.042052868770919634
439,0.04197476984303206
440,0.04191175667106714
441,0.04194571494678154
442,0.041960963398219295
443,0.04193392664698875
444,0.04201184873485636
445,0.042100176785506004
446,0.04188159687097489
447,0.041981871176965065
448,0.0414576182654995
449,0.04159261392879445
450,0.04167811108709667
451,0.04157836081887088
452,0.04152013266735585
453,0.0416117474158075
454,0.0414839156534438
455,0.04131241907922189
456,0.04137219450418656
457,0.04134481373875605
458,0.04133661430816631
459,0.041238242275901525
460,0.041279133797744616
461,0.04129146592034282
462,0.04161357715309215
463,0.04139357752706503
464,0.041532631079267
465,0.041613354290165036
466,0.041588956522574584
467,0.041601427599602614
468,0.04146144701071087
469,0.04139390743004294
470,0.04124334265434276
471,0.04119857057958813
472,0.0409638060638888
473,0.041469615219751205
474,0.041445908001987365
475,0.041672965555161874
476,0.041692537206417433
477,0.04277619139367109
478,0.04287527977943848
479,0.04298449141128445
480,0.043010876860726036
481,0.04298466017491245
482,0.043086553620951804
483,0.04292529850955658
484,0.04278626361892717
485,0.04282642019830709
486,0.04253417164474724
487,0.041435225636704966
488,0.04156507721258064
489,0.04171612286517447
490,0.042016667216732605
491,0.042079423366520055
492,0.04188885601637416
493,0.04178118070081691
494,0.04195455615191632
495,0.0418911134818052
496,0.04202785224887797
497,0.04244535359076269
498,0.04237916167425647
499,0.04186563881852109
500,0.04176476826704701
501,0.04166332770967738
502,0.041748459482433664
503,0.0418034437198249
504,0.041862908033489056
505,0.041620699511801015
506,0.04198722109171913
507,0.04150426057695762
508,0.041471807909803364
509,0.04198898509337708
510,0.04178057120592217
511,0.042085554986687715
512,0.042344356829704735
513,0.041997272894610665
514,0.04200472444668533
515,0.04200201862330128
516,0.042096848032007965
517,0.04262123606059702
518,0.04264125909167165
519,0.042504269664413764
520,0.042385321720549665
521,0.04258203511310493
522,0.042268565080519294
523,0.042546869272145724
524,0.04246074249642416
525,0.042459214170236105
526,0.04224884920664186
527,0.04240645396139221
528,0.04261769690015161
529,0.042914509522701434
530,0.04304417879574369
531,0.04272581959498695
532,0.04299012007772141
533,0.04290592864382156
534,0.042830924206348105
535,0.042819954542575416
536,0.04290619051517467
537,0.04252090819082135
538,0.04208092914933646
539,0.041898977540138285
540,0.041894963228850814
541,0.042412741844319805
542,0.04255359336783748
543,0.04265711414069538
544,0.04286716722533698
545,0.0427854705165384
546,0.04272762694483664
547,0.04305289830184965
548,0.043203539792801414
549,0.043362150760359285
550,0.043129257611638175
551,0.042647776286585434
552,0.04249311494955118
553,0.04250384631487431
554,0.0421484176525284
555,0.042257467655904164
556,0.04219740423230866
557,0.04182861932275471
558,0.04185397340270538
559,0.0416615027614266
560,0.041942937260451216
561,0.0421171755959736
562,0.04207853464913442
563,0.04189218243594596
564,0.04212616855300497
565,0.04203739864959573
566,0.041699710676074704
567,0.04126366397809498
568,0.04125918679923126
569,0.04085800621356102
570,0.040555140981306935
571,0.04052427328122488
572,0.040490764614296224
573,0.04083735972985982
574,0.04097112970619112
575,0.04111950564250245
576,0.041324406192694736
577,0.04187538803788004
578,0.04161974477169018
579,0.042046286604798325
580,0.04224533538670703
581,0.0420241580372344
582,0.04184098862421082
583,0.041910034970478224
584,0.04179378295472598
585,0.04128819964754952
586,0.04116415034478275
587,0.04111872783514662
588,0.04147094230480515
589,0.04132365066635559
590,0.041735769046640565
591,0.04201936776403923
592,0.042283450928950986
593,0.041703091401330064
594,0.041797257075371935
595,0.042118396250325325
596,0.04236358001041222
597,0.0425078991534399
598,0.04221658954105487
599,0.04211732477336772
600,0.041958838539085816
601,0.0415825500101409
602,0.041847153953504336
603,0.04219398004911085
604,0.04191545551324096
605,0.04218639533580905
606,0.0418204887524096
607,0.041548531084403775
608,0.041748505006023236
609,0.04181441989635637
610,0.041939098464021336
611,0.042208716036637714
612,0.041830086063993084
613,0.041976754757597136
614,0.04201682644393297
615,0.04183756314935015
616,0.042394854929897516
617,0.04231731941288654
618,0.04189416072405098
619,0.041769286467123176
620,0.041524843852863834
621,0.041229980029471466
622,0.041117554187233736
623,0.04035616024163717
624,0.04044888177601652
625,0.040671742194564105
626,0.04028019085169958
627,0.04004440304956388
628,0.040598961914405415
629,0.04068676297153274
630,0.04087833481419347
631,0.04088639879226174
632,0.040809885622070566
633,0.041248107233281366
634,0.04116099029818328
635,0.04103344081588434
636,0.04103461652705173
637,0.04139792239093495
638,0.040883512039735566
639,0.04111867520182665
640,0.040494616252221186
641,0.04065312647692865
642,0.04056243886021037
643,0.040493553347084855
644,0.04029317669634719
645,0.04035001194934767
646,0.04040094660928745
647,0.04006579532146587
648,0.04037117995393097
649,0.040436248766780716
650,0.04086956306828859
651,0.040934331116066335
652,0.041427186609731416
653,0.04153000198083538
654,0.04150979284664068
655,0.04161462427452104
656,0.042138376832241635
657,0.042113403050974094
658,0.04209136299529926
659,0.041957641474848206
660,0.04194612966213577
661,0.041887107205984736
662,0.041452241779077095
663,0.041905731192984144
664,0.04194965980227881
665,0.041532352550979465
666,0.041467208019553566
667,0.04175611806499378
668,0.042310261940410564
669,0.042349125319817334
670,0.042219817233892565
671,0.0421641646151991
672,0.042627214602550735
673,0.04206533401654483
674,0.04200071361573186
675,0.04233906977683352
676,0.04233694235022525
677,0.04226982635851608
678,0.04171410007373814
679,0.04150532012009965
680,0.04174464728706007
681,0.04172604655191554
682,0.04158710797854176
683,0.04161599759856832
684,0.04215482257704626
685,0.04208510874903708
686,0.04140304760453434
687,0.04146340661451682
688,0.04163628197179006
689,0.0415035586716125
690,0.04142917896324034
691,0.04140246560092757
692,0.04131663067291577
693,0.041665850375598786
694,0.04145473657264023
695,0.041467453395950336
696,0.04175197485741018
697,0.041887835825710255
698,0.04214568623171985
699,0.04224267864022817
700,0.04225026900389562
701,0.04238913492730722
702,0.04248695157786779
703,0.04240619900840754
704,0.04274553860037532
705,0.04275485555019367
706,0.042618952344194015
707,0.04237837388762787
708,0.04215577814252169
709,0.042166499379637665
710,0.041795164911836144
711,0.041950495545284974
712,0.04194647209852091
713,0.042176895415116725
714,0.042207895231620926
715,0.04230527354145035
716,0.04249369987696272
717,0.042667238776973086
718,0.042642327753892866
719,0.042530963996556745
720,0.04276744507417375
721,0.042551675793209696
722,0.04239143586049972
723,0.04191146167484509
724,0.041732714016065896
725,0.041520038393237764
726,0.041731114581197985
727,0.04158301845249565
728,0.0418138867232287
729,0.04180447886345715
730,0.04203646944872568
731,0.042153027808881915
732,0.04213831468451466
733,0.04222034405694956
734,0.04224074699212501
735,0.04199404131924202
736,0.04203700105714177
737,0.042218977985686336
738,0.04196428913929436
739,0.04140717179062668
740,0.04138122939909311
741,0.0412564680438154
742,0.04098821355201163
743,0.04104866853209012
744,0.040998902212894435
745,0.04149867681973052
746,0.0412238684094865
747,0.04124645318842525
748,0.04119243970929205
749,0.041892140874465585
750,0.04181799744841378
751,0.0419526042505128
752,0.04230472028959962
753,0.04228119381239311
754,0.0422130757267266
755,0.04220498021975349
756,0.042315604646002015
757,0.04209232182956407
758,0.04250434987856855
759,0.04253739457351312
760,0.04260028741952221
761,0.04259191945001878
762,0.042468871517338254
763,0.0426077224708983
764,0.042622082132163126
765,0.04241607447669008
766,0.04236407439963817
767,0.042686167673168934
768,0.04243415736858265
769,0.042503020818742174
770,0.04251023914758454
771,0.04280310936480042
772,0.04281013028273696
773,0.04264332208153045
774,0.042705347878645404
775,0.04295568573782051
776,0.043083826784870896
777,0.04307705275232929
778,0.0428516336741509
779,0.04281405934314808
780,0.04250927288133978
781,0.04190570885067196
782,0.04210749343779587
783,0.04230810660480465
784,0.04208046858766137
785,0.0415188268716332
786,0.04103718168440878
787,0.04097193048196066
788,0.04106476890643708
789,0.04097524028974873
790,0.04115413010892719
791,0.04126335637607267
792,0.041281591286903285
793,0.04105457445104261
794,0.041244802657527134
795,0.041541899627213885
796,0.04176929565620553
797,0.04147317959645543
798,0.041579063308062235
799,0.04169049320292588
800,0.04190492085293457
801,0.041884704309286716
802,0.041783389379392064
803,0.041514902968572055
804,0.04166377471699333
805,0.04205708872680548
806,0.04222820356415485
807,0.04229263769855165
808,0.04224194060085007
809,0.042111906598414316
810,0.042017063653989765
811,0.04244782209014685
812,0.042201650640463856
813,0.04293781814929814
814,0.04288986185047507
815,0.042751463694744425
816,0.04252840248221283
817,0.042785210777606934
818,0.04232807142955111
819,0.04264305202406561
820,0.04254150730699559
821,0.0421393187497988
822,0.04235353903561705
823,0.041874412806075054
824,0.04165694700583117
825,0.041890896089712505
826,0.04209681110121972
827,0.04202471610252125
828,0.0421825115895113
829,0.04201168365246926
830,0.041819120484731104
831,0.041842897322465385
832,0.041994801834768836
833,0.04199008737144955
834,0.041852482602353185
835,0.04119724698863679
836,0.041079099207895785
837,0.04063022259034696
838,0.04109002167961411
839,0.04118911018869988
840,0.04158938156267621
841,0.041725257292544664
842,0.041506301740321334
843,0.041623527326229134
844,0.041854092870214965
845,0.041851857600132915
846,0.042335543110995716
847,0.0425586590528073
848,0.04238842629407328
849,0.04233018053109798
850,0.042260028278388616
851,0.04224939652941275
852,0.042398013972115095
853,0.04201241825060978
854,0.04217084421355643
855,0.04224891139515148
856,0.04153030351761563
857,0.04159783347447303
858,0.04153348257266541
859,0.041217511656906916
860,0.04119716096803856
861,0.041175280992930254
862,0.04114157771925499
863,0.04156875424116917
864,0.04137415673097665
865,0.041386338883945835
866,0.04168259954818848
867,0.041947560236384435
868,0.04199761303126591
869,0.0421344580718725
870,0.042241166922703424
871,0.04255949298665228
872,0.043053600113742686
873,0.04308423398825897
874,0.04304998370486994
875,0.043148292731389135
876,0.043250635824247236
877,0.04300303707723658
878,0.04287682056818056
879,0.04300792799209062
880,0.0429582112393007
881,0.04249296681662645
882,0.041682064794842696
883,0.04129621471161746
884,0.0411984015162435
885,0.041071345986041466
886,0.040964806872116816
887,0.04134350291904682
888,0.04126930012939741
889,0.04106773164947606
890,0.041176081232762216
891,0.041054243462649034
892,0.04135884143184074
893,0.04159367050192399
894,0.041557708707828135
895,0.04186977550476425
896,0.0418495935178516
897,0.04182391315704447
898,0.04188161516807491
899,0.04211113941907762
900,0.04203665015971594
901,0.04229768225228798
902,0.042341017551811695
903,0.04222774028819203
904,0.04235593936274398
905,0.042454060455142766
906,0.04199587806580647
907,0.04150700665615272
908,0.04127899953150384
909,0.041302869770847545
910,0.041142721434643564
911,0.04095386226305215
912,0.041058184961547284
913,0.04134379670288449
914,0.04127942795835135
915,0.041129699443626565
916,0.041812961194361016
917,0.04222619752227609
918,0.042634354859562684
919,0.04265346744110255
920,0.04262160970772957
921,0.04304704192266202
922,0.04291979219756235
923,0.04271990262770962
924,0.04253637730229192
925,0.04253420131095535
926,0.041910864591525335
927,0.041556398348515766
928,0.04138268903925127
929,0.041118204291268536
930,0.04105622161773083
931,0.04107065468719509
932,0.04124651439953416
933,0.041111014054513936
934,0.04116254060660448
935,0.04137167572892685
936,0.04176813612652777
937,0.04179147240600399
938,0.041969110877198436
939,0.042093400604194316
940,0.042163359023452265
941,0.04192343521387163
942,0.04164761004249616
943,0.04215754280368445
944,0.04231629331057045
945,0.04197939508371031
946,0.042264408149849685
947,0.04229049266107618
948,0.042072323515919066
949,0.042356164839683054
950,0.04250476063471766
951,0.042443085367645135
952,0.042451696761712884
953,0.042157889434273565
954,0.041867917845695116
955,0.041928403459270916
956,0.041507248034352434
957,0.04159965148285738
958,0.04172528766918257
959,0.041699272582333816
960,0.04139021012321282
961,0.04129850276018866
962,0.04141291572298832
963,0.041311694328085145
964,0.0413613052639554
965,0.04141868523384039
966,0.04145708118660691
967,0.04154014904042932
968,0.041317365796490084
969,0.04119481834459944
970,0.041195412371769116
971,0.041618371246750635
972,0.04165499168684096
973,0.04188719858844187
974,0.04241051144609335
975,0.04227105839677876
976,0.04226900740010228
977,0.04167832785247977
