,0
0,
1,
2,
3,
4,
5,
6,
7,
8,
9,
10,
11,
12,
13,
14,0.05073582423536839
15,0.050737001204030116
16,0.0507376517015032
17,0.05073800126059637
18,0.05073812576402825
19,0.05073777304404277
20,0.05073660897028942
21,0.05073447019257715
22,0.05073134197220015
23,0.0507275250420844
24,0.05072338064047575
25,0.05071854984135967
26,0.050712894472432574
27,0.050706899043949406
28,0.05070093534398322
29,0.050695163085671874
30,0.050689670208787035
31,0.05068456795898243
32,0.050679319452337286
33,0.05067375384174688
34,0.0506679077786303
35,0.05066182261289963
36,0.050655594260234436
37,0.050649421204466256
38,0.05064337701574476
39,0.050637247612489895
40,0.05063108552526791
41,0.05062509260260239
42,0.0506195626444818
43,0.050614232954997125
44,0.050609610600529965
45,0.0506058971296709
46,0.05060289404175244
47,0.05060038573930548
48,0.05059804595791273
49,0.05059585313706764
50,0.050593999288374505
51,0.05059270262736952
52,0.050592248501943216
53,0.05059295097160188
54,0.05059436523954635
55,0.05059637467518629
56,0.05059881570341788
57,0.050601333132953286
58,0.05060381609799645
59,0.05060572159245125
60,0.05060654865922107
61,0.05060601377237326
62,0.050604574396908034
63,0.05060242035811095
64,0.05060022206679103
65,0.05059841599933935
66,0.05059724602205566
67,0.050596088671588164
68,0.050594757578388584
69,0.05059361739741898
70,0.05059310449346013
71,0.050592971772905365
72,0.050593385858649864
73,0.050594287833797005
74,0.050595735984849635
75,0.05059764028090996
76,0.050600596315005485
77,0.05060470781636835
78,0.050609692228600435
79,0.050615124927660494
80,0.0506205068172229
81,0.050625008330309015
82,0.05062885591397005
83,0.05063226709168105
84,0.05063505123553358
85,0.05063737632457648
86,0.050639590893210205
87,0.05064188182781367
88,0.0506445459400398
89,0.05064770086562033
90,0.05065178174753366
91,0.050656344860218416
92,0.05066075457274757
93,0.05066514389556127
94,0.05066928863925597
95,0.050672717109230034
96,0.05067588466991146
97,0.050678630195620925
98,0.05068051689193717
99,0.05068160019817058
100,0.05068199991007947
101,0.0506818373961058
102,0.05068077578821329
103,0.05067888938175046
104,0.05067644632802983
105,0.05067315178187649
106,0.05066916807126076
107,0.050664849488488116
108,0.050660532997122254
109,0.05065642652435321
110,0.050653086429771066
111,0.050650543693832366
112,0.050649027103463966
113,0.05064880089093387
114,0.05064972648576757
115,0.050651064887787325
116,0.05065260456247963
117,0.05065476934855278
118,0.05065735336346317
119,0.050660116726415134
120,0.050663180831299656
121,0.050666354267444286
122,0.05066943587289132
123,0.05067242983976401
124,0.050675329664834144
125,0.050678304819048205
126,0.05068133122348817
127,0.05068457348307007
128,0.05068775233785708
129,0.05069107650513102
130,0.05069492298398568
131,0.05069954499912209
132,0.05070452014819673
133,0.050709642480706536
134,0.050715097286382266
135,0.05072059183795706
136,0.05072620380072343
137,0.05073191738656937
138,0.0507375927923962
139,0.05074317878664849
140,0.05074834465530765
141,0.05075301101669785
142,0.05075757426896122
143,0.05076227857203408
144,0.050766805585460234
145,0.05077166332494162
146,0.050776891518828984
147,0.05078239943709264
148,0.05078843149629561
149,0.05079488170368287
150,0.0508015160044244
151,0.05080794204673253
152,0.05081423689968797
153,0.05082020924070623
154,0.05082566231562145
155,0.05083102281723825
156,0.05083630870501397
157,0.05084099028637019
158,0.05084500768742019
159,0.050848876582509785
160,0.050851856226382566
161,0.05085395644945128
162,0.050855304276057035
163,0.0508557853547706
164,0.05085507598069554
165,0.050853841699440086
166,0.05085250115430781
167,0.05085103483867323
168,0.05084968261133133
169,0.050848635888427716
170,0.050847514831598536
171,0.05084655338350701
172,0.05084596941470967
173,0.05084561329140052
174,0.05084508415476752
175,0.05084458454721028
176,0.050843792128954964
177,0.050842523780615934
178,0.0508409655166564
179,0.0508396933240278
180,0.05083854904869901
181,0.050837461564999485
182,0.05083697707446038
183,0.05083706185113513
184,0.05083731204256184
185,0.05083780874258384
186,0.05083793952987623
187,0.050837236819086334
188,0.05083576527723814
189,0.050833865999720736
190,0.05083166024812683
191,0.050829590552032115
192,0.05082761883904501
193,0.05082554443138222
194,0.05082331369795145
195,0.05082064727938344
196,0.05081757841741432
197,0.050813920727216834
198,0.05081003760000247
199,0.050806218259931625
200,0.05080257311876794
201,0.050799864668035516
202,0.05079857015120097
203,0.05079876334204297
204,0.05080033388882525
205,0.05080303533656001
206,0.050806461346064036
207,0.05081083509845377
208,0.05081616642555633
209,0.050821897670808636
210,0.050828448440595086
211,0.05083558859068164
212,0.05084290501363744
213,0.05084972615394865
214,0.05085651355906764
215,0.0508631361271945
216,0.05086914237395871
217,0.0508746289994674
218,0.0508793834652425
219,0.05088342064611626
220,0.050886965662418
221,0.05089006124312969
222,0.05089252580514087
223,0.050894629075339655
224,0.05089674659185499
225,0.05089887842175877
226,0.05090085858015293
227,0.05090249210682084
228,0.0509036034966552
229,0.05090305780784265
230,0.050900208037116826
231,0.050895132908835065
232,0.0508871813840714
233,0.050877280908455086
234,0.05086603763708514
235,0.05085388011960042
236,0.05084174249963845
237,0.0508304772377252
238,0.05081977896308418
239,0.05080910159380096
240,0.05079820219243692
241,0.050787141631992425
242,0.05077618238609704
243,0.050765719339800085
244,0.05075682216625557
245,0.05074991612345243
246,0.050744956946929695
247,0.050742315739260725
248,0.05074112996079937
249,0.05074079593370615
250,0.050740967054377036
251,0.05074043306263843
252,0.0507385115937662
253,0.05073490234824739
254,0.0507299538881748
255,0.05072370939333791
256,0.05071646512785167
257,0.05070827906947455
258,0.05069934002150543
259,0.05068954869966693
260,0.050679040411047385
261,0.050668337713068806
262,0.05065763388159175
263,0.050647484687535535
264,0.05063772675967782
265,0.050628169838481035
266,0.05061904271985524
267,0.05061020926827848
268,0.050602231749369384
269,0.050594997451725215
270,0.050588576895549534
271,0.05058281093824184
272,0.05057765482996091
273,0.05057283801912135
274,0.05056809647544825
275,0.05056329120158568
276,0.050558717623681824
277,0.05055446076224969
278,0.05055039031812998
279,0.050547102315098284
280,0.05054568599113977
281,0.05054609146881053
282,0.05054876989106378
283,0.05055318924969696
284,0.05055904073516241
285,0.05056536826704305
286,0.05057176872831793
287,0.05057798450265342
288,0.050584223363929176
289,0.05059099559949986
290,0.050598657463895504
291,0.050606579926715765
292,0.050614143264574286
293,0.050620938849678734
294,0.05062626772420607
295,0.050629410997556114
296,0.05063073409368357
297,0.05063046038178319
298,0.05062883865670901
299,0.05062618824296696
300,0.05062305113287517
301,0.05062015599179039
302,0.050617370312325966
303,0.05061509661648566
304,0.05061315272947837
305,0.050611430337564635
306,0.05060972502769745
307,0.05060852691497776
308,0.05060777641044673
309,0.050607412265640674
310,0.05060719287968096
311,0.05060688510978913
312,0.050606225495908035
313,0.05060526089469133
314,0.050604282117541616
315,0.050603655343379406
316,0.05060321749782578
317,0.0506034205880366
318,0.050603778275020925
319,0.050603963283317656
320,0.05060430097175929
321,0.050604992442154655
322,0.050605664052043635
323,0.05060639619990105
324,0.05060787612817457
325,0.05060983262098292
326,0.05061193242338873
327,0.050613879276088736
328,0.05061583910337488
329,0.05061771459880601
330,0.05061907797960755
331,0.05062033182969012
332,0.050621556879426315
333,0.050622672389764964
334,0.05062344204005642
335,0.05062399784583629
336,0.050624234141776366
337,0.05062449274872331
338,0.050624707382688434
339,0.05062458089065765
340,0.05062406196637022
341,0.05062344618823153
342,0.050623061168220934
343,0.050623104770828466
344,0.05062350846633252
345,0.0506247215707548
346,0.050626144321597885
347,0.05062718468480367
348,0.05062780502075208
349,0.0506285953508412
350,0.05060271261465077
351,0.05057669677558089
352,0.05055091860572356
353,0.05052528625878147
354,0.05049967982906777
355,0.050474323860656506
356,0.05044928221647603
357,0.050424239668166886
358,0.05039934148766774
359,0.050374538078621516
360,0.05034958268350767
361,0.05032467742333206
362,0.050299900199032764
363,0.0502751136983584
364,0.05025013639759614
365,0.050251373526515625
366,0.050252362093338616
367,0.05025273757059835
368,0.05025276368093694
369,0.05025221152404625
370,0.05025100544318091
371,0.050249522295849884
372,0.05024803170097288
373,0.05024613203213698
374,0.05024392093207297
375,0.05024168822725035
376,0.050239081885057775
377,0.050236794958695014
378,0.050235164020905415
379,0.05023392489164647
380,0.05023324851530108
381,0.0502332190847424
382,0.050233338383927635
383,0.05023377791504916
384,0.0502352614500805
385,0.050237778669977744
386,0.050240777514849885
387,0.05024375144853042
388,0.05024670333622135
389,0.05024928729166398
390,0.05025139016607807
391,0.05025363256428217
392,0.05025606006520747
393,0.05025865242548324
394,0.050261494029264164
395,0.050264200662117064
396,0.050266609564996935
397,0.05026945438356329
398,0.05027248764158241
399,0.05027523749480724
400,0.05027784289177382
401,0.050280531056651784
402,0.0502831697935289
403,0.05028570994721796
404,0.05028839167136492
405,0.050291049554980566
406,0.05029354046006261
407,0.05029530659988738
408,0.050296047691326416
409,0.050295789605844334
410,0.050321868161631415
411,0.05034737642796956
412,0.05037264879680155
413,0.05039832344266107
414,0.05042455548417809
415,0.05045110708168563
416,0.05047794502902962
417,0.05050495157362685
418,0.050531807005001136
419,0.05055899373777918
420,0.05058635443759541
421,0.05061351756687958
422,0.05064092440791261
423,0.05066892965707902
424,0.05069734968339289
425,0.05069933657855912
426,0.05070236154239559
427,0.050705462911397034
428,0.05070775584908169
429,0.050709213440523634
430,0.05070954641316208
431,0.0507082618866198
432,0.05070610304131599
433,0.05070343806120282
434,0.05069929583592804
435,0.050694081837354285
436,0.05068832670662556
437,0.05068150456792042
438,0.05067341875416485
439,0.05066460833552284
440,0.05065463318427433
441,0.05064283817947523
442,0.0506296982268068
443,0.05061563155483476
444,0.05060034164156802
445,0.0505848458943742
446,0.05056909728257722
447,0.050552718364824466
448,0.050535648830268
449,0.050518847343888014
450,0.05050185919370767
451,0.050484733023150936
452,0.05046798651970879
453,0.05045171252502356
454,0.0504352929343924
455,0.050419036345470666
456,0.05040310848618306
457,0.050388109487414345
458,0.05037402101404845
459,0.05036134036509255
460,0.05034976332962735
461,0.05033927319161775
462,0.050329058880848515
463,0.05031866133929138
464,0.050307253404861835
465,0.05029527253472164
466,0.05028312375456683
467,0.05027049571109428
468,0.050258182122574234
469,0.050246680774285284
470,0.05022269612347942
471,0.05019943751914488
472,0.0501762669975462
473,0.05015248853093343
474,0.050127736496126236
475,0.05010146387598217
476,0.05007377562370536
477,0.0500462063606327
478,0.05001965993790945
479,0.04999475599151184
480,0.04997170432432962
481,0.04995009661559188
482,0.04992991101168731
483,0.04991015078816936
484,0.04989093702027291
485,0.0498855810703788
486,0.04988060384123787
487,0.049876337431444234
488,0.049873651581407774
489,0.04987247925095843
490,0.04987324694914623
491,0.049876522239207695
492,0.04988131306478394
493,0.04988661996471657
494,0.049892596993799415
495,0.04989881385252205
496,0.04990524886726755
497,0.049911881056262944
498,0.04991968970255993
499,0.049927705609691835
500,0.04993572044606952
501,0.049943775094145285
502,0.04995160651032849
503,0.049959050607428
504,0.04996681679806777
505,0.049975234846343565
506,0.0499843838908226
507,0.04999399802920748
508,0.050004362179226235
509,0.050014977119338236
510,0.050025384344159714
511,0.050035393337869036
512,0.05004574801935489
513,0.05005613730716582
514,0.05006701397094843
515,0.0500780298082092
516,0.050088525626650164
517,0.05009855433864261
518,0.05010742040068992
519,0.05011440987697123
520,0.050119099535143465
521,0.05012167048750544
522,0.050122883288474224
523,0.05012373276407432
524,0.05012474189685826
525,0.05012659948089055
526,0.05012929522055616
527,0.05013169428781999
528,0.05013299094349862
529,0.05013323659393762
530,0.05013332957666799
531,0.05013423509706154
532,0.050135923324279213
533,0.05013872088178073
534,0.050142541252272806
535,0.05014704657517153
536,0.05015208450182804
537,0.050157598126172064
538,0.05016286227565892
539,0.050167619887958634
540,0.05017183963049576
541,0.05017464836700824
542,0.05017636313467323
543,0.050177762744932
544,0.050178473686754765
545,0.050177991761660296
546,0.05017669647960321
547,0.05017446697081463
548,0.05017105688466368
549,0.05016747418040176
550,0.05016443183086605
551,0.0501615746875042
552,0.05015902029343736
553,0.050156549072027296
554,0.05015344033858731
555,0.050149199090396175
556,0.05014416404182878
557,0.05013823354507459
558,0.05013135396080435
559,0.050124419798481264
560,0.050117551394257234
561,0.050110742378233056
562,0.050104016234016925
563,0.050097476551511116
564,0.050090674899857066
565,0.05008379909825375
566,0.05007728686093547
567,0.05007134632288505
568,0.05006620671683805
569,0.05006235167972959
570,0.05005988150950205
571,0.05005846095632
572,0.05005806791895505
573,0.05005855732910143
574,0.05005915513066729
575,0.050059553486978166
576,0.050059721914589635
577,0.050059893791644536
578,0.05006039297316619
579,0.05006120549341239
580,0.050061885297596115
581,0.05006164295855855
582,0.05005948718000165
583,0.05005550087529953
584,0.05004994614597782
585,0.050043014392976884
586,0.050035359034719784
587,0.05002742459623009
588,0.05001932234075116
589,0.05001138811286303
590,0.05000412319288013
591,0.04999740671899314
592,0.04999154021936173
593,0.04998608619123193
594,0.0499807776238685
595,0.04997499882011483
596,0.04996892842012278
597,0.04996279013257947
598,0.04995683345295096
599,0.04995080119278159
600,0.04993823591456984
601,0.049926297120760944
602,0.04991464595893826
603,0.049903152884747115
604,0.049892429045978334
605,0.0498818927425358
606,0.04987113455806228
607,0.04986009030525326
608,0.0498491817757579
609,0.049837800763433165
610,0.049826710804674684
611,0.04981598824664469
612,0.04980559140609141
613,0.0497952478344482
614,0.04978491432003041
615,0.049781367909003484
616,0.04977732996442928
617,0.04977274287569946
618,0.04976753641408331
619,0.04976101080187256
620,0.049753171994859485
621,0.049744851752920115
622,0.049736027669848484
623,0.04972682386058589
624,0.049718370003371266
625,0.04971087844344944
626,0.04970359358955572
627,0.0496964702635069
628,0.04968936946395846
629,0.04968184150212295
630,0.04967333192241337
631,0.04966434074172202
632,0.04965564058773904
633,0.04964718836599018
634,0.04963948768200914
635,0.049632998827691184
636,0.049627250771794335
637,0.04962147106326608
638,0.04961520045043458
639,0.049607628204861365
640,0.04960513046362852
641,0.04960244862752069
642,0.0495998910057958
643,0.04959791530215714
644,0.04959721990065464
645,0.04959811006384414
646,0.04959996782331856
647,0.049603065600055916
648,0.049607177950820834
649,0.049612094757817256
650,0.04961093669965348
651,0.04961014009095073
652,0.04960962915342036
653,0.04961042029015799
654,0.04961227753094466
655,0.049608322218002016
656,0.04960501371143471
657,0.049602328101761205
658,0.049599199835492484
659,0.04959556963275034
660,0.04959135195517539
661,0.04958668957208789
662,0.049581419142730766
663,0.04957608755029784
664,0.049571321784302055
665,0.049574023677835324
666,0.049577061811731084
667,0.04958092291221725
668,0.04958463945741237
669,0.04958869206465525
670,0.049593617959856826
671,0.04959911678035485
672,0.04960474106235236
673,0.04961106954264797
674,0.049617834836665126
675,0.04962466447725699
676,0.04963239263165229
677,0.04964098405136722
678,0.049650312701825516
679,0.0496595963085549
680,0.04966860540996552
681,0.049677651193155266
682,0.04968636665004584
683,0.04969506186345338
684,0.04970342588410565
685,0.04971148696752605
686,0.049718848021432484
687,0.04972627738361311
688,0.0497337441009191
689,0.04974216004083736
690,0.04975092563542104
691,0.049759078153026236
692,0.049765898150675454
693,0.04977159229334523
694,0.04977607697052527
695,0.04977979406695213
696,0.04978317429334405
697,0.04978635403324717
698,0.04978916390745017
699,0.04979144778149347
700,0.049792882233903234
701,0.049793634014282336
702,0.04979357875736782
703,0.04979240507651471
704,0.0497898187661352
705,0.04978687021082853
706,0.0497837195733686
707,0.049780719284766996
708,0.04977751963944165
709,0.0497745065616032
710,0.04977186847009287
711,0.04976970003808519
712,0.04976792397642978
713,0.04976697621283619
714,0.0497667952085037
715,0.04976637529322783
716,0.0497663806994943
717,0.049766548784650165
718,0.049767572710891765
719,0.049769049757769655
720,0.04977088791734005
721,0.049773022793631716
722,0.049775261768710125
723,0.049777211113929014
724,0.0497782079763032
725,0.049777837593939965
726,0.04977566045665405
727,0.04977181997623949
728,0.04976591795052358
729,0.04975895912984444
730,0.04975199586346765
731,0.049744786692792996
732,0.049737619178126836
733,0.04973060622565648
734,0.04972415670614188
735,0.04971750498306147
736,0.04971104954663276
737,0.049705138270100965
738,0.04970031262161932
739,0.0496966419723687
740,0.049695107624017916
741,0.04969587316670792
742,0.04969837726438588
743,0.04970223862712708
744,0.04970735639614615
745,0.04971343316486408
746,0.04972001640634454
747,0.049727002236896384
748,0.04973435005268936
749,0.04974153291277497
750,0.049748809682216816
751,0.04975604901060999
752,0.0497632264009172
753,0.049769830425973466
754,0.04977573102608317
755,0.04978040082091691
756,0.0497839492072469
757,0.049786845529331915
758,0.04979034853998001
759,0.049794469405141935
760,0.04979868361455479
761,0.04980276572289573
762,0.04980671516091007
763,0.0498094347807695
764,0.04981069026758714
765,0.04981134146861476
766,0.04981160643304819
767,0.049811341995867335
768,0.0498109847279237
769,0.04981141307598525
770,0.049811708319293685
771,0.0498115016563665
772,0.04981098367456949
773,0.04980939911843888
774,0.049806391482397634
775,0.049803545081710435
776,0.04980113897058746
777,0.049799236391890565
778,0.04979886104517693
779,0.04980005956387147
780,0.049801953603903285
781,0.04980445027412387
782,0.04980775712578458
783,0.049811212709847584
784,0.04981454892772631
785,0.049818155856591835
786,0.049821943717743775
787,0.04982487366841835
788,0.04982760929265373
789,0.04982967804932501
790,0.04982997088175501
791,0.0498283911946924
792,0.049825629742908974
793,0.049821498434202166
794,0.04981589351610501
795,0.049809293232710015
796,0.04980202230537722
797,0.049794064213211635
798,0.04978534861724964
799,0.04977627475971313
800,0.04976710150647907
801,0.04975819338023837
802,0.04975014847435009
803,0.04974258633214265
804,0.0497360671400029
805,0.04973051106057814
806,0.04972563228817214
807,0.049720412271723635
808,0.04971522357267765
809,0.0497101843685527
810,0.04970542424261915
811,0.049701323883319916
812,0.04969800372803414
813,0.04969577098535015
814,0.049694792101837235
815,0.04969492617770608
816,0.04969542131006319
817,0.049696520483670785
818,0.04969786401355802
819,0.049698873383911386
820,0.04970021420054379
821,0.04970267497373337
822,0.04970673947600005
823,0.049712238312005
824,0.04971972266219778
825,0.04973226427597592
826,0.0497487016512287
827,0.04975097618680067
828,0.04974613976070589
829,0.049757054636560764
830,0.04975455787808986
831,0.049755682646915024
832,0.049749218795037534
833,0.049753407787257335
834,0.04975163938388723
835,0.04975557508603103
836,0.049756440502688216
837,0.049762140648671696
838,0.049757569661804966
839,0.04975615282643462
840,0.04975338862188282
841,0.04973704639676186
842,0.04973582648825732
843,0.049736352902535225
844,0.049719648026526064
845,0.049717642135034525
846,0.04971545522367756
847,0.049715648074968026
848,0.049711624758705185
849,0.049710817836478564
850,0.0497119453999871
851,0.04970614031610066
852,0.04969839095658599
853,0.04970909729708108
854,0.04970862932382759
855,0.04970657149100973
856,0.04970928361251772
857,0.04971283670481134
858,0.04971344535338299
859,0.04972047228027799
860,0.04971687024898565
861,0.04971807622813728
862,0.04972176066946777
863,0.049719865569395096
864,0.04970846560112493
865,0.04969088448113538
866,0.04968961182437447
867,0.0496811548970681
868,0.04966047586914515
869,0.04965483924213682
870,0.04965672864321733
871,0.04965948292467943
872,0.049645425864670883
873,0.0496595233184268
874,0.049661394405872784
875,0.049667359585469015
876,0.049673362317756
877,0.049675413959960515
878,0.0496756499092836
879,0.049689429475626205
880,0.049690122763052895
881,0.049691404228809535
882,0.049691395053296485
883,0.049697341532365234
884,0.049707797287547414
885,0.0497085110385798
886,0.04970731226232193
887,0.04972013767855084
888,0.049716302245091736
889,0.049712013480891014
890,0.04970989513329925
891,0.04970596938319292
892,0.049713071998561655
893,0.049718894387551386
894,0.04971277500047645
895,0.049724280825836006
896,0.04972168428129715
897,0.049737001184263864
898,0.04974208059793687
899,0.04973522576483309
900,0.049728575284960684
901,0.04973070298297188
902,0.04974027123916549
903,0.049733159621589584
904,0.04973399860095448
905,0.049737623808152436
906,0.0497437172713726
907,0.04973077480726278
908,0.04973639601203752
909,0.049748709538655865
910,0.04973842991380253
911,0.0497447177790622
912,0.049741280857484936
913,0.049740907858742016
914,0.04973978675679462
915,0.04974207396990634
916,0.04973458468538849
917,0.049729341251481166
918,0.0497346171379348
919,0.04973983362936125
920,0.0497527207760621
921,0.049747508436209835
922,0.04974193346340896
923,0.049729375057020304
924,0.04972648751510488
925,0.04973648772427066
926,0.04973342110136626
927,0.04972255260035072
928,0.0497261444621598
929,0.04972895205679753
930,0.049731684134374884
931,0.04973980556959914
932,0.04972830796527485
933,0.04972572561564567
934,0.04973182218356286
935,0.049715878626132665
936,0.04971315124851288
937,0.0497172998381592
938,0.04971771138355949
939,0.04971558153727871
940,0.049708501680422235
941,0.04971129569656423
942,0.04972652362897408
943,0.04973376030030634
944,0.04973196318763022
945,0.049716016839816926
946,0.04971584005608273
947,0.04972572864539235
948,0.04972932396364367
949,0.04972417697053126
950,0.04972590565574597
951,0.0497399251873356
952,0.049752092033814886
953,0.049755727005847496
954,0.04975445718419956
955,0.0497588884912623
956,0.04975179709953846
957,0.04974559574781931
958,0.04972224744537164
959,0.04972032301343265
960,0.049727219146069784
961,0.049716908514335176
962,0.04970846340106612
963,0.04971137525939855
964,0.049702558362111335
965,0.0496919910899216
966,0.049680470956659915
967,0.0496692365791911
968,0.049661665705030895
969,0.04965651723114118
970,0.04965801020401965
971,0.04966605840366375
972,0.049671844961479694
973,0.0496856449861658
974,0.049686125084119306
