,0
0,0.053410901641668514
1,0.053416546836629865
2,0.05341808421787025
3,0.05340695781494237
4,0.05340522273121813
5,0.05339958697002852
6,0.05339682503594364
7,0.05340021617446558
8,0.0534001123328616
9,0.05339377861502133
10,0.05339036790029869
11,0.05338128350803625
12,0.053381911330150016
13,0.05338776787520552
14,0.05339265530240347
15,0.0533894549358667
16,0.0533926196727077
17,0.05339220695010797
18,0.05339380619181148
19,0.05339241149794157
20,0.053394904931715545
21,0.05340366720157345
22,0.05340555575644999
23,0.053399928657942096
24,0.05340346285954693
25,0.05340807074303081
26,0.0534037707752247
27,0.05339473784092499
28,0.053388411346553116
29,0.05338502472208682
30,0.053384253180437165
31,0.05338441875604071
32,0.05338286879920486
33,0.053378073551883135
34,0.05337641742570397
35,0.05337897944824695
36,0.05338283377866916
37,0.05339126108095115
38,0.05340385319073788
39,0.053401075403035216
40,0.053399190118239064
41,0.05340456701797318
42,0.053410494010932
43,0.05340675906044198
44,0.05341017925535063
45,0.05341135532606856
46,0.05341287520642031
47,0.05342142016586342
48,0.05341643779332055
49,0.0534164683967561
50,0.05341305815556817
51,0.05341047276087528
52,0.05340709073603391
53,0.05340980302002664
54,0.05340458840746646
55,0.0534118302153237
56,0.053407562942096
57,0.05340690182572677
58,0.05340992416504045
59,0.0534176215388192
60,0.05341002153685585
61,0.05341403683773241
62,0.05342330887161598
63,0.05341559180230663
64,0.05342687896927882
65,0.05343183508043383
66,0.05343013261712695
67,0.05342517618250108
68,0.05342982149758382
69,0.05343115861087628
70,0.05343323663753026
71,0.05342706447817355
72,0.053425143464502826
73,0.05342740786641421
74,0.053432000795703004
75,0.053428333581154425
76,0.053419872828715215
77,0.05341595462320026
78,0.05340977357130513
79,0.053412657788302384
80,0.053418562788191314
81,0.053419457446603286
82,0.05342661953088213
83,0.05342960735232248
84,0.05342434044636754
85,0.053420574573570516
86,0.05341761185924327
87,0.05341746518167178
88,0.05342685224469703
89,0.0534317124702598
90,0.0534318308369109
91,0.05343481182099005
92,0.05343635424863695
93,0.053429683772301687
94,0.05342719837438492
95,0.05342393373731317
96,0.05342869245703305
97,0.05342625332776526
98,0.05342524030104491
99,0.053438022380117765
100,0.05343062226993822
101,0.05343310806416922
102,0.05343467881331812
103,0.05343758728367618
104,0.0534281665022668
105,0.05341871264548016
106,0.05342687067228938
107,0.053430339125867136
108,0.053430696449459344
109,0.05343054605207336
110,0.053439125922961184
111,0.05344391218802978
112,0.053437328885646805
113,0.05344707599120615
114,0.053452048266168034
115,0.05344895564094032
116,0.05345898490444464
117,0.05345274909287547
118,0.05345269386484257
119,0.0534448596653073
120,0.053455298241350584
121,0.053450308065490434
122,0.05345430735969518
123,0.05343924715276647
124,0.05343461864804587
125,0.053437089160663635
126,0.05344669232483023
127,0.05345504260951034
128,0.053450252501850135
129,0.05344822696967277
130,0.053441864013859836
131,0.0534324933481905
132,0.05342732618106128
133,0.05342879323570621
134,0.053420486812699584
135,0.053412996588288436
136,0.0534004875356339
137,0.05340655646141478
138,0.05340879763297143
139,0.05341100314637688
140,0.05341406927307961
141,0.053418334517787616
142,0.053421115036529736
143,0.05341770044857462
144,0.053414371721513865
145,0.053409051864525235
146,0.053417590379203836
147,0.05342159529548318
148,0.053418945631055016
149,0.05341235075829538
150,0.05340769172879789
151,0.05341358698868584
152,0.05341928706673228
153,0.053420275846088695
154,0.053427734734993584
155,0.05341754592372026
156,0.053417608026756484
157,0.053424782051235305
158,0.053422771798457135
159,0.05342687726202755
160,0.05342376891129017
161,0.05342801708197168
162,0.05342319091361731
163,0.053427701865377
164,0.053419598090189487
165,0.053416163257881615
166,0.053408062998699435
167,0.053407177473845775
168,0.053404690311462735
169,0.05339913924141236
170,0.05339480377379988
171,0.05340097433064831
172,0.05340970430086283
173,0.05341469018415476
174,0.05343053895395352
175,0.05342605148588418
176,0.05342660326944287
177,0.053421637481922114
178,0.05342552640544509
179,0.05343455922035094
180,0.053433586780817575
181,0.053433969442472716
182,0.0534315659605617
183,0.05343034759507974
184,0.05342911006652376
185,0.05342646237036956
186,0.05342495191490695
187,0.053427836304132933
188,0.05344360444114124
189,0.05343216920895066
190,0.053436503816349866
191,0.053441587465639234
192,0.053441101937395416
193,0.053435576549599365
194,0.05344161036425433
195,0.05343897596849028
196,0.05344322104478387
197,0.053448361806321
198,0.05344559030055242
199,0.05344420243787347
200,0.0534440907332239
201,0.05344921682798368
202,0.05344864759465594
203,0.05344047333413345
204,0.05343755489326801
205,0.05343340320921297
206,0.05343941943569715
207,0.053434953904586684
208,0.05343470133408329
209,0.05344376208575632
210,0.053447611921238564
211,0.05345788390402448
212,0.05345449400880052
213,0.05345540727597412
214,0.05346831443225459
215,0.05346440264494856
216,0.05346535553160224
217,0.05346446080529813
218,0.05346677511722719
219,0.05346635424698465
220,0.05347569036228796
221,0.053481459190838215
222,0.053482014367182765
223,0.05348032733213795
224,0.05348327040027152
225,0.053492787486503976
226,0.053500358503099095
227,0.05350809030014729
228,0.05350787151934727
229,0.053520740164548164
230,0.05352701616567454
231,0.05352864457276687
232,0.05353315436667685
233,0.053533634763123165
234,0.05353242908577553
235,0.053526395320103816
236,0.05352214313608592
237,0.053525546619207165
238,0.05353717349996484
239,0.05354027197675605
240,0.053539280574556015
241,0.053549253157394096
242,0.05354105969420908
243,0.053550089869065225
244,0.053543617570342164
245,0.0535295551987119
246,0.05353873410268089
247,0.05354181577268816
248,0.0535356027811641
249,0.053543767539618384
250,0.05354330359921741
251,0.053537150682268345
252,0.0535302437424475
253,0.05352592273961415
254,0.0535249614597834
255,0.053525005201463374
256,0.05351715130038002
257,0.053523015947268736
258,0.05352271779222879
259,0.05352703349204047
260,0.05352770729362562
261,0.05352552280312088
262,0.053531142350424686
263,0.053528490739737165
264,0.0535363531437705
265,0.05352750640236977
266,0.053526089475471966
267,0.0535244046447944
268,0.05353155961970465
269,0.053530991180331465
270,0.05352257857158832
271,0.05352778951291685
272,0.05353365743732176
273,0.05353466090857036
274,0.053533971838306965
275,0.05353952251871432
276,0.053540571255342714
277,0.0535503395458222
278,0.053556962441976885
279,0.053556709919233114
280,0.053556124371333634
281,0.05355317060752479
282,0.05354892356912329
283,0.05354684248975386
284,0.05354426254130673
285,0.053550184732184335
286,0.05354630734457068
287,0.05353747477315945
288,0.05353703230706013
289,0.053544928451223696
290,0.05353980364905638
291,0.05353834202836191
292,0.05354124907779908
293,0.053539459207156616
294,0.05353996921746456
295,0.05352798679995128
296,0.05351981401363664
297,0.053514399747596565
298,0.053511051155324514
299,0.05351124574569107
300,0.0535017273392183
301,0.05350801932683314
302,0.05351301621814517
303,0.05350597434742354
304,0.053513494595713695
305,0.053516174094646415
306,0.05350451331437844
307,0.0535094077257019
308,0.05349931973423625
309,0.05350013153635995
310,0.05348760739562547
311,0.05350277500594334
312,0.05350999745345601
313,0.053499148983197437
314,0.0534936092466133
315,0.05349192204801253
316,0.05348355788066722
317,0.053480857435191625
318,0.0534753287184807
319,0.0534741336573474
320,0.05348184748399211
321,0.05348992344716066
322,0.05348641432309305
323,0.05350034471555441
324,0.05350081392773009
325,0.053512406436384816
326,0.05351464642472139
327,0.0535145683101195
328,0.05350425928368455
329,0.05350178196938863
330,0.05349763279165517
331,0.05349799723034484
332,0.0534975934892375
333,0.053499401542829485
334,0.053502084229448486
335,0.053498328303368335
336,0.05350016758413649
337,0.053494033023915165
338,0.05349662885688607
339,0.053492585754965086
340,0.05350232199954779
341,0.05350190650238497
342,0.05350518100684812
343,0.05350409965275674
344,0.053491768747480455
345,0.05350164687561592
346,0.05350015740800049
347,0.05350061869279461
348,0.05349937308571268
349,0.05348716198561713
350,0.05348618048211111
351,0.05349185184763328
352,0.05348686462887855
353,0.05348841404389551
354,0.05347981416412586
355,0.05348195672880809
356,0.05348209202754668
357,0.05348336238567476
358,0.05347532504374598
359,0.053473316085457266
360,0.05347859562695815
361,0.05348000170212218
362,0.053483639169583326
363,0.053480764691976594
364,0.05347356077646828
365,0.053480721944900084
366,0.053478152549222654
367,0.05347503038723503
368,0.05347721236401976
369,0.0534743802212644
370,0.0534676855671794
371,0.053462039595308916
372,0.053465857994711916
373,0.05345983991455252
374,0.05347131558428455
375,0.05347398206649994
376,0.05346970765109005
377,0.05346331902214644
378,0.053472402841787656
379,0.05346839633017008
380,0.05346923151750469
381,0.053470028538375784
382,0.053465626015486566
383,0.053461002869778035
384,0.05345952777324934
385,0.05345587250161514
386,0.053454651765871136
387,0.053448594074601466
388,0.05344378018752858
389,0.0534408107760842
390,0.05344034526440423
391,0.05344285967223828
392,0.05344282878582948
393,0.05344439576197499
394,0.05344399191029296
395,0.05344864428201829
396,0.05346325597374983
397,0.053462914778098884
398,0.05346461879415581
399,0.05346681223863987
400,0.053467547460135184
401,0.05347737516895402
402,0.053477750312141664
403,0.05348223059728639
404,0.053476247136771786
405,0.0534677277313987
406,0.05346466381264992
407,0.05346693788956524
408,0.05346449961793348
409,0.05346221562723729
410,0.05346086477215267
411,0.053467275070260514
412,0.05347692343682088
413,0.05348324243892381
414,0.05347468746174256
415,0.0534794154888239
416,0.053479514437795216
417,0.05347195576217385
418,0.05346689786713304
419,0.053466316503945975
420,0.05346513808350166
421,0.05347025643271619
422,0.0534661823599431
423,0.053461312683924435
424,0.0534615679376826
425,0.053457032786763316
426,0.053467982575871466
427,0.05346913416580533
428,0.05347164995591495
429,0.053463814195371766
430,0.05346553440408438
431,0.05345552824672318
432,0.05345444722398706
433,0.05346388317992718
434,0.05346500109258141
435,0.05347169160835515
436,0.05347100196839765
437,0.05346690036754306
438,0.053464228178151135
439,0.05347569988863095
440,0.0534813680707827
441,0.05348524625707834
442,0.05348885508302445
443,0.05348717766090599
444,0.05348143565537061
445,0.05348190887882315
446,0.0534692783925196
447,0.05346497937304735
448,0.05346410852823038
449,0.05346275352767727
450,0.05345821795814739
451,0.05344971269472976
452,0.053449598108607776
453,0.053449219784530405
454,0.053448053101555384
455,0.0534298036667213
456,0.05343839265596972
457,0.053434788701864536
458,0.053435248763890816
459,0.05344288415594707
460,0.053436945527033056
461,0.05342943353655606
462,0.05342919579818881
463,0.05342751912401875
464,0.05343144992037786
465,0.053428254373325726
466,0.0534300460931213
467,0.05343296795956263
468,0.05342667156612373
469,0.05342845346832429
470,0.05342630460369205
471,0.053428823661195037
472,0.05342774827577047
473,0.05342887652265538
474,0.0534284402899942
475,0.05342805544521246
476,0.05343356821131355
477,0.053432323517479265
478,0.053432517714810605
479,0.05344220915903289
480,0.0534422510300596
481,0.05344058363212529
482,0.05344057032616716
483,0.05344536339245482
484,0.05345023064760242
485,0.05344718090988848
486,0.05344301541484581
487,0.05344236965167884
488,0.053440449326836816
489,0.05343753259126845
490,0.05344264603998914
491,0.05344284736474472
492,0.053436957352343536
493,0.05344122054495831
494,0.05343897336363415
495,0.053438702476564216
496,0.05343859187953876
497,0.053436440286982696
498,0.05343710945430003
499,0.05343599347127355
500,0.05344395763158387
501,0.05344870993085176
502,0.053458412479027315
503,0.05345598909341243
504,0.053454641171457824
505,0.05345602704370176
506,0.053454400644948816
507,0.05345073283899142
508,0.05345560271156
509,0.0534635565592033
510,0.053464881283737414
511,0.053466832960646464
512,0.05346976457961265
513,0.05346969802204852
514,0.05346953497724975
515,0.053472903869375255
516,0.053478535752633775
517,0.0534784249972696
518,0.0534771266281424
519,0.053481850713897605
520,0.05348420046551973
521,0.0534849728572224
522,0.053476267381208725
523,0.053479418445944914
524,0.053474474906554936
525,0.05347239770984116
526,0.05347581236839858
527,0.0534899967508523
528,0.053488893726109966
529,0.053487778352237815
530,0.05349793233807401
531,0.053498024430594385
532,0.05349733535545448
533,0.05349540258933432
534,0.05349575248309055
535,0.05350898851261559
536,0.05350951127505483
537,0.053511627389785765
538,0.0535129852518868
539,0.05350946932579149
540,0.053496667062001665
541,0.053495471451748766
542,0.05350020648621619
543,0.053493315750893916
544,0.053489890219254974
545,0.05349695499912603
546,0.05348907775038218
547,0.05349509800083616
548,0.053495130137099306
549,0.05349415918822222
550,0.053499778655394056
551,0.053500556010723316
552,0.0534999966342397
553,0.05350721540486291
554,0.053512752744534806
555,0.053505992070490206
556,0.05349940156737619
557,0.05349654083187765
558,0.053498057737389686
559,0.053507811814835785
560,0.053517693663715865
561,0.053527749939002
562,0.05352647219712369
563,0.053516124961801685
564,0.053522078211787
565,0.053529397119752416
566,0.05353818566144013
567,0.05354538275931143
568,0.053541569230564974
569,0.05354212315237625
570,0.05354729212345863
571,0.05354274126382008
572,0.053540223118236974
573,0.05354411184260832
574,0.05354198558843337
575,0.05355014292672261
576,0.053549634980593744
577,0.05354798686900926
578,0.053543695021887966
579,0.0535440149052832
580,0.05354256208150747
581,0.053545024303447736
582,0.053533587394415084
583,0.05353069043527285
584,0.05352583374053827
585,0.05353818950985054
586,0.053538871990022066
587,0.053539660490498894
588,0.053537789753021085
589,0.05353889104697576
590,0.05355388844819663
591,0.05355028841652481
592,0.05355238944116501
593,0.05355249136480713
594,0.05355574734411708
595,0.053559620940237536
596,0.05356177912620295
597,0.053558334589119794
598,0.05355170117075241
599,0.05354931630049395
600,0.05354199434132788
601,0.05353928352670803
602,0.053532377709911434
603,0.053527595759985135
604,0.05352018192054107
605,0.05352426508933982
606,0.0535232526236335
607,0.05352657944956548
608,0.053529678749957316
609,0.053525619409398685
610,0.05352616787019753
611,0.05353843874559263
612,0.05353949955851695
613,0.0535369282767185
614,0.05353975728439305
615,0.05353975193912936
616,0.05354265881643658
617,0.05353972609304691
618,0.0535307978711373
619,0.0535365278998599
620,0.05353189521645328
621,0.053528929573603536
622,0.053527685975742825
623,0.05353148961924045
624,0.053535977957834616
625,0.05353314675045511
626,0.053526905261987306
627,0.05351547426554765
628,0.05351599456383765
629,0.053511141189987066
630,0.05351858395577643
631,0.05352100091623393
632,0.0535209326771414
633,0.05352713887449632
634,0.05353377278733434
635,0.053532870553988775
636,0.05353173154555574
637,0.05352454168291915
638,0.053517728862302716
639,0.0535162419271512
640,0.05351914905588785
641,0.05351602177743064
642,0.05350532331235858
643,0.05350997739833555
644,0.053503142636299184
645,0.053501706232766316
646,0.05349884921613796
647,0.053493969066157686
648,0.05348682179539517
649,0.05349460542077333
650,0.0534922777154491
651,0.053483262783087064
652,0.05349479025501047
653,0.05350053745716657
654,0.05349398678907824
655,0.053491151784124634
656,0.05349204740911897
657,0.053484072870016164
658,0.05348440515073311
659,0.053483768048679686
660,0.053478397506901115
661,0.05349126872850195
662,0.05348902168560147
663,0.05349181222818671
664,0.05349410253947106
665,0.05349258511436682
666,0.05349219550206999
667,0.05349058744205015
668,0.05348397170301615
669,0.05348189727261187
670,0.05348053788046014
671,0.05347811839521672
672,0.0534873188734951
673,0.05348221905739524
674,0.0534816591467933
675,0.05348918459216839
676,0.05348585301098094
677,0.05349196191487916
678,0.053488203223806284
679,0.05348525860089419
680,0.05348247038057823
681,0.05347772193560338
682,0.05347650157174355
683,0.05347301733156006
684,0.053473384037101584
685,0.05346667159087685
686,0.053472195000855614
687,0.05347097765643713
688,0.053467995408597986
689,0.053461188105108234
690,0.05345620466377953
691,0.05345618755190998
692,0.053458708170881705
693,0.05345609254101495
694,0.0534522534370329
695,0.053454744234348615
696,0.05344869631275246
697,0.053448512828519035
698,0.053442897740815405
699,0.053436449460966526
700,0.05343784592814172
701,0.0534322467518544
702,0.05343125877009744
703,0.053426181823197694
704,0.05343929813891847
705,0.05344287936378365
706,0.053447589642142086
707,0.05344154136638905
708,0.053440620910579925
709,0.05343567028626858
710,0.05343696188747754
711,0.05343079472952132
712,0.053439783344916336
713,0.053439856230394114
714,0.05344299574491913
715,0.053453617451629326
716,0.053450552715582994
717,0.05346196226357792
718,0.053460922664941866
719,0.05344885133388514
720,0.05344642585861669
721,0.05344470297471598
722,0.05344063613732456
723,0.05344363874962635
724,0.05343405629980075
725,0.05344509389260444
726,0.053448982396232726
727,0.05345570877610637
728,0.05346167816463219
729,0.053464123002677805
730,0.05346471024718021
731,0.053460263212501614
732,0.05346173672604655
733,0.05346751857194969
734,0.053458999843670994
735,0.053461876574289316
736,0.05346490994542222
737,0.05346833645654568
738,0.05347152351355755
739,0.05346696036701342
740,0.05347873568023045
741,0.05347541116791653
742,0.053475094075838364
743,0.05347932075559428
744,0.053485783352227416
745,0.05348860549441791
746,0.05348751260127965
747,0.05349523339944296
748,0.05349154237909045
749,0.05348854001234632
750,0.05348067531200802
751,0.0534685586407208
752,0.05346868407846398
753,0.053463177475698884
754,0.05346106325299378
755,0.05345796806926634
756,0.05345366935410222
757,0.05345405022582509
758,0.05346464687593112
759,0.05345970303735155
760,0.053460956761823185
761,0.05345961431937315
762,0.05345805218813175
763,0.053458303210540965
764,0.053453100065281776
765,0.05345221470825932
766,0.05344580311202709
767,0.053453774869537514
768,0.05344481198591504
769,0.053450304686573566
770,0.053442620537504384
771,0.05345335241618277
772,0.05345410972480647
773,0.05345582488039047
774,0.05346511518608352
775,0.0534524339608685
776,0.05345110568645897
777,0.0534444016614005
778,0.05344859708213325
779,0.053463910215651465
780,0.05345952097608928
781,0.053457413652939864
782,0.053449735631300496
783,0.05344968945855592
784,0.05345307507363065
785,0.053450222524875295
786,0.053448727342419663
787,0.05344018105402359
788,0.05343823580082781
789,0.053444156585484716
790,0.05344223598476943
791,0.053443337419116166
792,0.05344480331720977
793,0.05344807616965808
794,0.05344040337114145
795,0.05343455788319136
796,0.05343784530039955
797,0.05343811530390855
798,0.053438992484687496
799,0.053444869958317306
800,0.053445723215205465
801,0.053445430312541724
802,0.05344734162066835
803,0.05345041877190733
804,0.05343800215559594
805,0.05343225966069017
806,0.05343301422419791
807,0.0534432879557213
808,0.053439174634939406
809,0.05344192751270994
810,0.053447249211264834
811,0.05344816167446905
812,0.053459972067511866
813,0.05346410632635517
814,0.05346945284071605
815,0.0534675720990169
816,0.053466892635308266
817,0.05347063360795404
818,0.053475458229990634
819,0.053485155294211065
820,0.05348738523316597
821,0.0534799699121174
822,0.053485341278777
823,0.05348922255144205
824,0.0534904034673733
825,0.05348882166735367
826,0.05348254246901556
827,0.05347427900122709
828,0.053464929375484214
829,0.05345862468760592
830,0.053455431768972266
831,0.053444283835707714
832,0.05344056881188624
833,0.05343768327744237
834,0.053436854114732056
835,0.05343740688966261
836,0.053440217416238604
837,0.05343441442360646
838,0.05343346711387845
839,0.05343686444013136
840,0.05343286819671225
841,0.05343004415001972
842,0.053422908025895714
843,0.053418062679929317
844,0.05342770373880903
845,0.05342043408525121
846,0.053431851603689726
847,0.05344061943352371
848,0.05343996917668457
