,0
0,
1,
2,
3,
4,
5,
6,
7,
8,
9,
10,
11,
12,
13,
14,0.05073582423536839
15,0.05073700120403012
16,0.0507376517015032
17,0.05073800126059637
18,0.05073812576402825
19,0.05073777304404277
20,0.05073660897028942
21,0.05073447019257715
22,0.05073134197220015
23,0.0507275250420844
24,0.05072338064047575
25,0.05071854984135967
26,0.050712894472432574
27,0.050706899043949406
28,0.05070093534398322
29,0.050695163085671874
30,0.05068967020878704
31,0.05068456795898243
32,0.05067931945233729
33,0.05067375384174688
34,0.0506679077786303
35,0.05066182261289963
36,0.050655594260234436
37,0.050649421204466256
38,0.050643377015744756
39,0.050637247612489895
40,0.05063108552526791
41,0.05062509260260239
42,0.0506195626444818
43,0.050614232954997125
44,0.05060961060052996
45,0.0506058971296709
46,0.05060289404175244
47,0.05060038573930548
48,0.05059804595791273
49,0.05059585313706764
50,0.050593999288374505
51,0.05059270262736952
52,0.05059224850194322
53,0.05059295097160188
54,0.05059436523954635
55,0.05059637467518629
56,0.05059881570341788
57,0.05060133313295329
58,0.050603816097996454
59,0.05060572159245125
60,0.05060654865922107
61,0.05060601377237326
62,0.050604574396908034
63,0.05060242035811095
64,0.05060022206679103
65,0.05059841599933935
66,0.05059724602205566
67,0.05059608867158816
68,0.05059475757838858
69,0.05059361739741898
70,0.050593104493460134
71,0.05059297177290536
72,0.05059338585864986
73,0.050594287833797005
74,0.050595735984849635
75,0.05059764028090996
76,0.05060059631500549
77,0.050604707816368354
78,0.05060969222860044
79,0.050615124927660494
80,0.0506205068172229
81,0.05062500833030901
82,0.05062885591397005
83,0.050632267091681046
84,0.05063505123553358
85,0.050637376324576475
86,0.050639590893210205
87,0.05064188182781367
88,0.050644545940039795
89,0.05064770086562033
90,0.05065178174753366
91,0.05065634486021842
92,0.05066075457274757
93,0.05066514389556127
94,0.05066928863925597
95,0.050672717109230034
96,0.050675884669911464
97,0.050678630195620925
98,0.050680516891937165
99,0.050681600198170584
100,0.05068199991007947
101,0.0506818373961058
102,0.05068077578821329
103,0.05067888938175046
104,0.050676446328029826
105,0.05067315178187649
106,0.050669168071260755
107,0.05066484948848811
108,0.050660532997122254
109,0.05065642652435321
110,0.050653086429771066
111,0.05065054369383237
112,0.05064902710346397
113,0.05064880089093387
114,0.05064972648576757
115,0.050651064887787325
116,0.05065260456247963
117,0.05065476934855278
118,0.05065735336346317
119,0.05066011672641513
120,0.050663180831299656
121,0.050666354267444286
122,0.05066943587289132
123,0.05067242983976401
124,0.050675329664834144
125,0.050678304819048205
126,0.05068133122348817
127,0.05068457348307007
128,0.05068775233785708
129,0.050691076505131015
130,0.050694922983985674
131,0.05069954499912209
132,0.05070452014819673
133,0.05070964248070654
134,0.050715097286382266
135,0.05072059183795706
136,0.05072620380072343
137,0.05073191738656937
138,0.0507375927923962
139,0.05074317878664849
140,0.05074834465530765
141,0.05075301101669785
142,0.05075757426896122
143,0.050762278572034074
144,0.05076680558546023
145,0.050771663324941624
146,0.05077689151882899
147,0.05078239943709264
148,0.05078843149629561
149,0.05079488170368287
150,0.050801516004424396
151,0.05080794204673253
152,0.05081423689968797
153,0.05082020924070623
154,0.050825662315621446
155,0.05083102281723825
156,0.050836308705013974
157,0.05084099028637019
158,0.05084500768742019
159,0.050848876582509785
160,0.05085185622638257
161,0.05085395644945128
162,0.05085530427605704
163,0.050855785354770595
164,0.05085507598069554
165,0.050853841699440086
166,0.05085250115430781
167,0.05085103483867323
168,0.05084968261133133
169,0.050848635888427716
170,0.05084751483159854
171,0.050846553383507014
172,0.05084596941470967
173,0.05084561329140052
174,0.05084508415476752
175,0.050844584547210275
176,0.05084379212895496
177,0.05084252378061593
178,0.0508409655166564
179,0.0508396933240278
180,0.050838549048699014
181,0.05083746156499949
182,0.05083697707446038
183,0.05083706185113513
184,0.05083731204256184
185,0.05083780874258384
186,0.050837939529876225
187,0.050837236819086334
188,0.05083576527723814
189,0.050833865999720736
190,0.05083166024812683
191,0.050829590552032115
192,0.05082761883904501
193,0.05082554443138222
194,0.05082331369795145
195,0.05082064727938344
196,0.05081757841741432
197,0.050813920727216834
198,0.05081003760000247
199,0.050806218259931625
200,0.050802573118767944
201,0.05079986466803552
202,0.05079857015120097
203,0.05079876334204297
204,0.05080033388882525
205,0.05080303533656001
206,0.05080646134606404
207,0.05081083509845377
208,0.05081616642555633
209,0.05082189767080864
210,0.050828448440595086
211,0.050835588590681643
212,0.05084290501363744
213,0.05084972615394865
214,0.05085651355906764
215,0.0508631361271945
216,0.05086914237395871
217,0.050874628999467396
218,0.0508793834652425
219,0.05088342064611626
220,0.050886965662417995
221,0.05089006124312969
222,0.05089252580514087
223,0.050894629075339655
224,0.05089674659185499
225,0.05089887842175877
226,0.05090085858015293
227,0.05090249210682084
228,0.050903603496655195
229,0.05090305780784265
230,0.050900208037116826
231,0.05089513290883507
232,0.050887181384071396
233,0.05087728090845509
234,0.050866037637085144
235,0.05085388011960042
236,0.05084174249963845
237,0.0508304772377252
238,0.050819778963084185
239,0.05080910159380096
240,0.05079820219243692
241,0.050787141631992425
242,0.05077618238609704
243,0.050765719339800085
244,0.050756822166255565
245,0.05074991612345243
246,0.050744956946929695
247,0.050742315739260725
248,0.05074112996079937
249,0.05074079593370615
250,0.050740967054377036
251,0.05074043306263843
252,0.0507385115937662
253,0.05073490234824739
254,0.0507299538881748
255,0.05072370939333791
256,0.05071646512785167
257,0.05070827906947455
258,0.05069934002150543
259,0.05068954869966693
260,0.05067904041104739
261,0.050668337713068806
262,0.05065763388159175
263,0.050647484687535535
264,0.050637726759677815
265,0.05062816983848104
266,0.05061904271985524
267,0.05061020926827848
268,0.05060223174936938
269,0.05059499745172521
270,0.05058857689554953
271,0.05058281093824184
272,0.05057765482996091
273,0.050572838019121345
274,0.05056809647544825
275,0.05056329120158568
276,0.050558717623681824
277,0.05055446076224969
278,0.05055039031812998
279,0.05054710231509828
280,0.05054568599113977
281,0.05054609146881053
282,0.05054876989106378
283,0.05055318924969696
284,0.05055904073516241
285,0.05056536826704305
286,0.05057176872831793
287,0.05057798450265342
288,0.050584223363929176
289,0.05059099559949986
290,0.050598657463895504
291,0.05060657992671576
292,0.050614143264574286
293,0.05062093884967874
294,0.050626267724206066
295,0.05062941099755611
296,0.05063073409368357
297,0.05063046038178319
298,0.050628838656709
299,0.050626188242966955
300,0.05062305113287517
301,0.050620155991790386
302,0.05061737031232597
303,0.05061509661648566
304,0.05061315272947837
305,0.05061143033756464
306,0.05060972502769745
307,0.05060852691497776
308,0.05060777641044673
309,0.050607412265640674
310,0.050607192879680955
311,0.05060688510978913
312,0.05060622549590803
313,0.050605260894691334
314,0.05060428211754161
315,0.050603655343379406
316,0.05060321749782578
317,0.050603420588036595
318,0.050603778275020925
319,0.050603963283317656
320,0.05060430097175929
321,0.050604992442154655
322,0.050605664052043635
323,0.050606396199901045
324,0.05060787612817457
325,0.05060983262098292
326,0.05061193242338873
327,0.050613879276088736
328,0.05061583910337488
329,0.05061771459880601
330,0.05061907797960755
331,0.05062033182969012
332,0.05062155687942631
333,0.05062267238976496
334,0.050623442040056414
335,0.050623997845836294
336,0.050624234141776366
337,0.05062449274872331
338,0.05062470738268844
339,0.050624580890657654
340,0.05062406196637022
341,0.05062344618823153
342,0.05062306116822093
343,0.05062310477082847
344,0.05062350846633252
345,0.050624721570754795
346,0.050626144321597885
347,0.05062718468480367
348,0.05062780502075208
349,0.050628595350841195
350,0.05060271261465077
351,0.05057669677558089
352,0.05055091860572356
353,0.05052528625878147
354,0.050499679829067765
355,0.050474323860656506
356,0.05044928221647603
357,0.05042423966816689
358,0.05039934148766774
359,0.050374538078621516
360,0.05034958268350767
361,0.05032467742333206
362,0.05029990019903276
363,0.050275113698358395
364,0.05025013639759614
365,0.050251373526515625
366,0.050252362093338616
367,0.05025273757059835
368,0.05025276368093694
369,0.05025221152404625
370,0.05025100544318091
371,0.05024952229584988
372,0.05024803170097288
373,0.050246132032136986
374,0.050243920932072965
375,0.05024168822725035
376,0.050239081885057775
377,0.05023679495869501
378,0.05023516402090541
379,0.05023392489164647
380,0.05023324851530108
381,0.0502332190847424
382,0.050233338383927635
383,0.050233777915049155
384,0.0502352614500805
385,0.050237778669977744
386,0.050240777514849885
387,0.050243751448530424
388,0.05024670333622135
389,0.05024928729166398
390,0.05025139016607807
391,0.05025363256428217
392,0.05025606006520747
393,0.05025865242548324
394,0.05026149402926416
395,0.05026420066211706
396,0.050266609564996935
397,0.050269454383563304
398,0.05027248764158241
399,0.05027523749480724
400,0.05027784289177382
401,0.05028053105665178
402,0.0502831697935289
403,0.050285709947217955
404,0.05028839167136492
405,0.05029104955498057
406,0.05029354046006261
407,0.05029530659988738
408,0.050296047691326416
409,0.05029578960584433
410,0.05032186816163141
411,0.05034737642796956
412,0.05037264879680155
413,0.05039832344266107
414,0.05042455548417809
415,0.05045110708168563
416,0.05047794502902962
417,0.05050495157362685
418,0.050531807005001136
419,0.05055899373777918
420,0.05058635443759541
421,0.05061351756687958
422,0.05064092440791261
423,0.05066892965707902
424,0.05069734968339289
425,0.050699336578559115
426,0.05070236154239559
427,0.05070546291139703
428,0.05070775584908169
429,0.05070921344052363
430,0.050709546413162075
431,0.050708261886619796
432,0.05070610304131599
433,0.050703438061202824
434,0.05069929583592804
435,0.050694081837354285
436,0.05068832670662556
437,0.050681504567920414
438,0.05067341875416485
439,0.05066460833552284
440,0.05065463318427433
441,0.05064283817947523
442,0.0506296982268068
443,0.05061563155483476
444,0.05060034164156802
445,0.0505848458943742
446,0.05056909728257722
447,0.05055271836482446
448,0.050535648830267996
449,0.05051884734388801
450,0.05050185919370767
451,0.05048473302315094
452,0.05046798651970879
453,0.050451712525023555
454,0.050435292934392396
455,0.05041903634547067
456,0.05040310848618306
457,0.050388109487414345
458,0.05037402101404845
459,0.05036134036509255
460,0.05034976332962735
461,0.050339273191617746
462,0.05032905888084851
463,0.05031866133929138
464,0.050307253404861835
465,0.05029527253472164
466,0.05028312375456683
467,0.05027049571109428
468,0.05025818212257423
469,0.05024668077428528
470,0.05022269612347942
471,0.05019943751914488
472,0.0501762669975462
473,0.05015248853093343
474,0.050127736496126236
475,0.05010146387598217
476,0.05007377562370536
477,0.0500462063606327
478,0.050019659937909446
479,0.04999475599151184
480,0.049971704324329624
481,0.04995009661559188
482,0.04992991101168731
483,0.04991015078816936
484,0.04989093702027291
485,0.0498855810703788
486,0.04988060384123787
487,0.04987633743144424
488,0.049873651581407774
489,0.04987247925095843
490,0.04987324694914623
491,0.049876522239207695
492,0.04988131306478394
493,0.04988661996471657
494,0.04989259699379941
495,0.04989881385252205
496,0.04990524886726755
497,0.049911881056262944
498,0.04991968970255993
499,0.04992770560969183
500,0.04993572044606952
501,0.04994377509414529
502,0.049951606510328504
503,0.049959050607427995
504,0.04996681679806777
505,0.04997523484634356
506,0.049984383890822597
507,0.04999399802920748
508,0.05000436217922624
509,0.05001497711933824
510,0.05002538434415971
511,0.050035393337869036
512,0.05004574801935489
513,0.05005613730716582
514,0.05006701397094843
515,0.050078029808209204
516,0.05008852562665016
517,0.05009855433864261
518,0.05010742040068992
519,0.05011440987697123
520,0.05011909953514346
521,0.05012167048750544
522,0.050122883288474224
523,0.050123732764074315
524,0.05012474189685826
525,0.05012659948089055
526,0.05012929522055616
527,0.05013169428781999
528,0.05013299094349862
529,0.05013323659393762
530,0.05013332957666799
531,0.05013423509706154
532,0.05013592332427921
533,0.05013872088178073
534,0.050142541252272806
535,0.05014704657517153
536,0.05015208450182804
537,0.050157598126172064
538,0.05016286227565892
539,0.05016761988795863
540,0.050171839630495756
541,0.05017464836700824
542,0.05017636313467323
543,0.050177762744932
544,0.05017847368675477
545,0.050177991761660296
546,0.05017669647960321
547,0.05017446697081463
548,0.05017105688466368
549,0.05016747418040176
550,0.05016443183086605
551,0.0501615746875042
552,0.050159020293437356
553,0.050156549072027296
554,0.05015344033858731
555,0.050149199090396175
556,0.05014416404182878
557,0.05013823354507459
558,0.05013135396080435
559,0.050124419798481264
560,0.050117551394257234
561,0.050110742378233056
562,0.050104016234016925
563,0.05009747655151112
564,0.05009067489985706
565,0.05008379909825375
566,0.05007728686093547
567,0.05007134632288505
568,0.05006620671683805
569,0.05006235167972959
570,0.05005988150950205
571,0.05005846095632
572,0.05005806791895505
573,0.05005855732910143
574,0.050059155130667304
575,0.05005955348697817
576,0.050059721914589635
577,0.05005989379164454
578,0.05006039297316619
579,0.050061205493412385
580,0.05006188529759611
581,0.05006164295855855
582,0.050059487180001645
583,0.05005550087529953
584,0.05004994614597782
585,0.050043014392976884
586,0.05003535903471979
587,0.05002742459623009
588,0.05001932234075116
589,0.05001138811286303
590,0.05000412319288013
591,0.049997406718993144
592,0.04999154021936173
593,0.04998608619123193
594,0.0499807776238685
595,0.04997499882011483
596,0.04996892842012278
597,0.04996279013257947
598,0.04995683345295096
599,0.049950801192781585
600,0.04993823591456984
601,0.049926297120760944
602,0.04991464595893826
603,0.04990315288474711
604,0.049892429045978334
605,0.0498818927425358
606,0.04987113455806228
607,0.04986009030525326
608,0.0498491817757579
609,0.04983780076343317
610,0.04982671080467469
611,0.04981598824664469
612,0.049805591406091414
613,0.0497952478344482
614,0.04978491432003041
615,0.04978136790900348
616,0.04977732996442928
617,0.04977274287569946
618,0.04976753641408331
619,0.04976101080187256
620,0.04975317199485949
621,0.04974485175292011
622,0.049736027669848484
623,0.04972682386058589
624,0.04971837000337127
625,0.04971087844344944
626,0.04970359358955572
627,0.0496964702635069
628,0.04968936946395846
629,0.04968184150212295
630,0.04967333192241337
631,0.04966434074172202
632,0.04965564058773904
633,0.049647188365990184
634,0.04963948768200914
635,0.049632998827691184
636,0.049627250771794335
637,0.04962147106326608
638,0.049615200450434584
639,0.04960762820486136
640,0.049605130463628515
641,0.04960244862752069
642,0.049599891005795795
643,0.04959791530215714
644,0.04959721990065464
645,0.04959811006384414
646,0.04959996782331856
647,0.04960306560005592
648,0.04960717795082084
649,0.049612094757817256
650,0.04961093669965348
651,0.04961014009095073
652,0.04960962915342036
653,0.04961042029015799
654,0.04961227753094466
655,0.04960832221800202
656,0.04960501371143471
657,0.049602328101761205
658,0.04959919983549248
659,0.049595569632750344
660,0.04959135195517539
661,0.049586689572087894
662,0.04958141914273077
663,0.04957608755029784
664,0.049571321784302055
665,0.049574023677835324
666,0.04957706181173108
667,0.049580922912217246
668,0.049584639457412365
669,0.04958869206465525
670,0.049593617959856826
671,0.04959911678035485
672,0.04960474106235236
673,0.04961106954264797
674,0.049617834836665126
675,0.04962466447725699
676,0.04963239263165229
677,0.04964098405136722
678,0.049650312701825516
679,0.0496595963085549
680,0.049668605409965524
681,0.04967765119315526
682,0.04968636665004584
683,0.049695061863453384
684,0.04970342588410565
685,0.049711486967526045
686,0.049718848021432484
687,0.049726277383613106
688,0.0497337441009191
689,0.049742160040837355
690,0.049750925635421044
691,0.049759078153026236
692,0.049765898150675454
693,0.04977159229334523
694,0.04977607697052527
695,0.049779794066952134
696,0.04978317429334405
697,0.04978635403324717
698,0.04978916390745017
699,0.04979144778149347
700,0.049792882233903234
701,0.04979363401428234
702,0.04979357875736782
703,0.04979240507651471
704,0.049789818766135197
705,0.04978687021082853
706,0.0497837195733686
707,0.049780719284767
708,0.049777519639441645
709,0.0497745065616032
710,0.04977186847009287
711,0.04976970003808519
712,0.04976792397642978
713,0.04976697621283619
714,0.0497667952085037
715,0.04976637529322783
716,0.0497663806994943
717,0.04976654878465016
718,0.04976757271089176
719,0.049769049757769655
720,0.04977088791734005
721,0.04977302279363172
722,0.049775261768710125
723,0.04977721111392901
724,0.049778207976303196
725,0.04977783759393996
726,0.04977566045665405
727,0.049771819976239494
728,0.04976591795052358
729,0.04975895912984444
730,0.049751995863467645
731,0.049744786692793
732,0.04973761917812684
733,0.04973060622565648
734,0.04972415670614188
735,0.04971750498306147
736,0.04971104954663276
737,0.049705138270100965
738,0.04970031262161932
739,0.0496966419723687
740,0.049695107624017916
741,0.04969587316670792
742,0.04969837726438588
743,0.049702238627127075
744,0.049707356396146145
745,0.04971343316486408
746,0.04972001640634454
747,0.04972700223689638
748,0.04973435005268936
749,0.049741532912774965
750,0.049748809682216816
751,0.04975604901060999
752,0.049763226400917196
753,0.049769830425973466
754,0.04977573102608317
755,0.04978040082091691
756,0.0497839492072469
757,0.04978684552933191
758,0.04979034853998
759,0.04979446940514194
760,0.049798683614554785
761,0.04980276572289573
762,0.04980671516091007
763,0.0498094347807695
764,0.04981069026758714
765,0.04981134146861476
766,0.04981160643304819
767,0.049811341995867335
768,0.0498109847279237
769,0.049811413075985245
770,0.049811708319293685
771,0.049811501656366504
772,0.04981098367456949
773,0.049809399118438874
774,0.04980639148239764
775,0.049803545081710435
776,0.049801138970587466
777,0.04979923639189056
778,0.04979886104517693
779,0.04980005956387147
780,0.04980195360390328
781,0.04980445027412387
782,0.04980775712578458
783,0.049811212709847584
784,0.04981454892772631
785,0.04981815585659184
786,0.049821943717743775
787,0.04982487366841835
788,0.04982760929265373
789,0.04982967804932501
790,0.04982997088175501
791,0.049828391194692394
792,0.049825629742908974
793,0.049821498434202166
794,0.04981589351610501
795,0.04980929323271002
796,0.04980202230537722
797,0.049794064213211635
798,0.04978534861724964
799,0.04977627475971313
800,0.04976710150647907
801,0.04975819338023837
802,0.04975014847435009
803,0.04974258633214265
804,0.0497360671400029
805,0.04973051106057814
806,0.04972563228817214
807,0.049720412271723635
808,0.049715223572677644
809,0.0497101843685527
810,0.04970542424261915
811,0.04970132388331991
812,0.04969800372803414
813,0.04969577098535015
814,0.04969479210183723
815,0.04969492617770608
816,0.04969542131006319
817,0.04969652048367079
818,0.049697864013558024
819,0.04969887338391139
820,0.04970021420054379
821,0.04970267497373337
822,0.049706739476000045
823,0.049712238312005
824,0.049719722662197784
825,0.049732264275975914
826,0.0497487016512287
827,0.04975097618680067
828,0.04974613976070589
829,0.04975705463656076
830,0.04975455787808986
831,0.049755682646915024
832,0.04974921879503753
833,0.04975340778725734
834,0.04975163938388723
835,0.049755575086031026
836,0.049756440502688216
837,0.049762140648671696
838,0.049757569661804966
839,0.04975615282643462
840,0.04975338862188282
841,0.04973704639676186
842,0.04973582648825732
843,0.049736352902535225
844,0.049719648026526064
845,0.049717642135034525
846,0.04971545522367756
847,0.049715648074968026
848,0.04971162475870519
849,0.04971081783647856
850,0.0497119453999871
851,0.04970614031610066
852,0.049698390956586
853,0.04970909729708108
854,0.04970862932382759
855,0.04970657149100973
856,0.04970928361251772
857,0.04971283670481134
858,0.049713445353383
859,0.04972047228027799
860,0.04971687024898565
861,0.04971807622813728
862,0.04972176066946777
863,0.049719865569395096
864,0.04970846560112493
865,0.04969088448113538
866,0.049689611824374466
867,0.0496811548970681
868,0.04966047586914515
869,0.049654839242136824
870,0.04965672864321733
871,0.04965948292467943
872,0.04964542586467088
873,0.049659523318426796
874,0.04966139440587278
875,0.04966735958546901
876,0.049673362317755994
877,0.049675413959960515
878,0.049675649909283595
879,0.049689429475626205
880,0.049690122763052895
881,0.04969140422880954
882,0.04969139505329649
883,0.04969734153236523
884,0.04970779728754741
885,0.049708511038579796
886,0.04970731226232193
887,0.04972013767855084
888,0.049716302245091736
889,0.04971201348089101
890,0.049709895133299244
891,0.04970596938319292
892,0.049713071998561655
893,0.04971889438755139
894,0.049712775000476446
895,0.049724280825836006
896,0.049721684281297154
897,0.04973700118426386
898,0.04974208059793687
899,0.04973522576483309
900,0.049728575284960684
901,0.04973070298297188
902,0.04974027123916549
903,0.04973315962158958
904,0.04973399860095448
905,0.049737623808152436
906,0.0497437172713726
907,0.04973077480726278
908,0.04973639601203752
909,0.049748709538655865
910,0.049738429913802534
911,0.0497447177790622
912,0.04974128085748494
913,0.04974090785874201
914,0.04973978675679462
915,0.04974207396990634
916,0.04973458468538849
917,0.04972934125148116
918,0.0497346171379348
919,0.04973983362936125
920,0.0497527207760621
921,0.049747508436209835
922,0.04974193346340896
923,0.049729375057020304
924,0.04972648751510488
925,0.04973648772427066
926,0.04973342110136626
927,0.04972255260035072
928,0.0497261444621598
929,0.04972895205679753
930,0.04973168413437489
931,0.04973980556959914
932,0.049728307965274846
933,0.049725725615645665
934,0.04973182218356286
935,0.049715878626132665
936,0.049713151248512874
937,0.049717299838159194
938,0.04971771138355949
939,0.04971558153727871
940,0.04970850168042223
941,0.04971129569656423
942,0.049726523628974076
943,0.049733760300306344
944,0.04973196318763022
945,0.049716016839816926
946,0.04971584005608273
947,0.04972572864539235
948,0.04972932396364367
949,0.04972417697053126
950,0.04972590565574597
951,0.049739925187335596
952,0.049752092033814886
953,0.049755727005847496
954,0.04975445718419956
955,0.0497588884912623
956,0.04975179709953846
957,0.04974559574781931
958,0.04972224744537164
959,0.04972032301343265
960,0.04972721914606979
961,0.049716908514335176
962,0.04970846340106612
963,0.04971137525939855
964,0.049702558362111335
965,0.0496919910899216
966,0.04968047095665992
967,0.0496692365791911
968,0.049661665705030895
969,0.04965651723114118
970,0.04965801020401965
971,0.04966605840366375
972,0.049671844961479694
973,0.0496856449861658
974,0.049686125084119306
