,0
0,0.04918680195700401
1,0.049174548921042276
2,0.049171310292814865
3,0.04916921940148879
4,0.04915546967590612
5,0.049150359049618134
6,0.04915468009639581
7,0.04915525504404758
8,0.04915904454338456
9,0.049169928891040514
10,0.04917734153629846
11,0.049183063401464236
12,0.04919487755469936
13,0.04921127321848258
14,0.04923123811265884
15,0.049236711527087015
16,0.04926839330423601
17,0.04928698087808383
18,0.049314190977035835
19,0.049334122698315615
20,0.04936070135490535
21,0.04936557916404296
22,0.04936587605781615
23,0.04937274593300507
24,0.049403931419713526
25,0.04940716042321824
26,0.04941356210957982
27,0.049434998476307584
28,0.04943751074634327
29,0.04945941120106323
30,0.04947123823851952
31,0.049487189149107234
32,0.04950744726886743
33,0.04953336316706134
34,0.04953804803723186
35,0.04955178111529218
36,0.04956244146635725
37,0.04957544455834464
38,0.04959253263287813
39,0.04960049764716181
40,0.049611170594367135
41,0.04961659475281754
42,0.049633159794780814
43,0.049637924027952696
44,0.04966033411217099
45,0.0496770602953928
46,0.04969786919421307
47,0.04970008616409027
48,0.04970932114163598
49,0.049724190848695976
50,0.04974768241667846
51,0.049771930143110744
52,0.049790710894959636
53,0.04979764166815613
54,0.04982563920111913
55,0.04984016344218705
56,0.04984124722278818
57,0.04984954654427499
58,0.04985236172897539
59,0.04986840106584763
60,0.04987274858854823
61,0.0498643157147982
62,0.04987487463940845
63,0.04988055859465331
64,0.04989222992389126
65,0.04990173809445538
66,0.04992048072233133
67,0.04994477502073196
68,0.04993990089878578
69,0.04994130998963373
70,0.049945800897036825
71,0.04996769180822448
72,0.04998079329035561
73,0.04997147357151846
74,0.04994336413973432
75,0.04992093683085272
76,0.04991378420482511
77,0.04991395662882918
78,0.04990447005430698
79,0.0499105846972346
80,0.04990355597640265
81,0.04989720282106473
82,0.049899297246286334
83,0.04989688802783326
84,0.049897744705732446
85,0.049888561969910365
86,0.04988672868102811
87,0.04988352680548696
88,0.04986723873643237
89,0.04985350834472493
90,0.049861302445706676
91,0.049852239619338067
92,0.0498413817996939
93,0.04984140929224925
94,0.04982105395043406
95,0.04982611522164573
96,0.04982734522788551
97,0.0498165422834309
98,0.049821845009042416
99,0.04981179759138175
100,0.04980472936026553
101,0.04979186114616423
102,0.04978029282208443
103,0.04977399078276075
104,0.049778478316785765
105,0.04979028246689113
106,0.04981069342732056
107,0.04982239882775252
108,0.04982805462139646
109,0.04983159018535343
110,0.04982871648422345
111,0.049832050798999564
112,0.049833981871501565
113,0.049826330459299226
114,0.049826051861946836
115,0.04982958357966456
116,0.049812446527933665
117,0.04980432178888732
118,0.04979072251059976
119,0.049779817061718384
120,0.04976033175250884
121,0.04976170857321251
122,0.04976891889304493
123,0.04977715584381441
124,0.04975493464196237
125,0.049759491478387916
126,0.049756653981025
127,0.04974909429454756
128,0.04976097393455972
129,0.04975079564257485
130,0.04974274234449503
131,0.04973337677894983
132,0.04973315000197494
133,0.04971589762138901
134,0.0497151343602672
135,0.04971041537328611
136,0.049703903885845516
137,0.049705995466754097
138,0.04969818475455617
139,0.04970659772035691
140,0.049715176023277866
141,0.049716452691268745
142,0.04971567686100837
143,0.04971691564532837
144,0.04970180918639318
145,0.04969776943675275
146,0.049686506380391
147,0.04968751012214948
148,0.04969273238796678
149,0.04969238946089568
150,0.04968992713629314
151,0.04967192570468938
152,0.04966917373777194
153,0.04968749851087298
154,0.04966301183366328
155,0.0496656559848767
156,0.04967022562223891
157,0.04967859731655473
158,0.04967389807884059
159,0.04966195390997115
160,0.049647580345875124
161,0.0496415228751278
162,0.0496376356026665
163,0.0496478018058536
164,0.04965006586934825
165,0.04964803284040366
166,0.04965914788264421
167,0.04965202739197568
168,0.04965831010702954
169,0.04966244181468977
170,0.049668302546408166
171,0.049654774117139436
172,0.04964504036177223
173,0.049651345018956586
174,0.04966148256403105
175,0.04966570529152346
176,0.049665555289727145
177,0.049661349282020234
178,0.049666095051729184
179,0.04966574699772963
180,0.049676497846546507
181,0.049679110981416925
182,0.04968457493762127
183,0.04969102208634096
184,0.04969396019577906
185,0.04969447409138483
186,0.04969489789125308
187,0.04970186042530971
188,0.04971801805538568
189,0.04972546083366553
190,0.04971676533961763
191,0.04973131126491846
192,0.04973204834382691
193,0.04973777590617023
194,0.04974335528676767
195,0.049739927189436386
196,0.049740077250449516
197,0.04974008320612069
198,0.049746210705366
199,0.04975539531171836
200,0.0497628507041039
201,0.049766469673134146
202,0.049772790552481634
203,0.04978241490248536
204,0.0497860378934236
205,0.049781214664398346
206,0.049772500804387894
207,0.04976930376529927
208,0.049769860350781375
209,0.04977071969754331
210,0.04977639369826745
211,0.04977386174529121
212,0.0497688928779292
213,0.04976805373027008
214,0.049765187252653276
215,0.04976028657762009
216,0.049755599802261144
217,0.04976149510603887
218,0.04976213366317483
219,0.04977137008842523
220,0.0497640842842124
221,0.04976181915306105
222,0.04976634308318626
223,0.04977371717462615
224,0.04977683949538337
225,0.04977651377790707
226,0.04979512652466371
227,0.04981240864933603
228,0.049799049461846975
229,0.049797131701326026
230,0.049795669704061324
231,0.049820414793425805
232,0.0498220017893287
233,0.04982591662695768
234,0.049825023868170386
235,0.0498312372253348
236,0.04983999914650196
237,0.04983939261505486
238,0.04984474175225198
239,0.04984242705420763
240,0.0498392865509028
241,0.049858943308952415
242,0.04985099466543402
243,0.049854400783897614
244,0.049871337251042556
245,0.049875256911775565
246,0.04988348826376541
247,0.049887135452390846
248,0.04988804558307548
249,0.04988809542320442
250,0.0498950807254688
251,0.049903811512917576
252,0.04990282056797789
253,0.04988894129877243
254,0.04989053099108811
255,0.04988351228839752
256,0.049885256996539416
257,0.04988226389514411
258,0.04989095045230196
259,0.0499001839371252
260,0.04990731441307158
261,0.04992156812427271
262,0.04992478126751728
263,0.04992198256696077
264,0.0499166445270864
265,0.04992507203957119
266,0.04990983676266123
267,0.049915828438013884
268,0.0499147369972984
269,0.0499082419862954
270,0.04991909835729165
271,0.04992982165510658
272,0.04993992025379584
273,0.04993081359053051
274,0.04992652302759036
275,0.0499324496082443
276,0.04994411305466732
277,0.04995164322624906
278,0.04995215747765458
279,0.049954573445427114
280,0.049952804337366465
281,0.04994732732370755
282,0.04994091973970182
283,0.04993499494864023
284,0.04993533270737196
285,0.04994568152457476
286,0.04995498640814371
287,0.049944832502295484
288,0.04994437604153434
289,0.04994578273533082
290,0.04994527109839223
291,0.04994455993627351
292,0.04994247933582492
293,0.049944718852480106
294,0.049958260776755865
295,0.049950250759303684
296,0.04994358622058185
297,0.04993128001060295
298,0.04990568572530166
299,0.04989172561473308
300,0.04986565893538299
301,0.0498525468168908
302,0.04985647656845633
303,0.04984676579335351
304,0.04984607733252056
305,0.04985473043815269
306,0.04984412824493078
307,0.049848174820556444
308,0.04983887058710036
309,0.04984631393305148
310,0.04984090336825465
311,0.04984337391375419
312,0.049846012032378435
313,0.04985244109133297
314,0.049840047665837404
315,0.049842640166784136
316,0.04984083555425212
317,0.049844392952655095
318,0.04984557740665281
319,0.049834677067209884
320,0.04983717339241771
321,0.04984471140452137
322,0.04983810842611693
323,0.04982707751943138
324,0.049829638723901816
325,0.04981707392792903
326,0.04980136715642703
327,0.04978116483791143
328,0.049792215837998734
329,0.04978468015166621
330,0.04979514036168218
331,0.04976989928058096
332,0.0497664630516867
333,0.04975630051401423
334,0.04975587692836329
335,0.04975271339924442
336,0.04975522270926827
337,0.04975982085640099
338,0.04975510431457205
339,0.04975556481687768
340,0.04974485591361948
341,0.04972756602041987
342,0.049739259181293134
343,0.04973570002176928
344,0.04972367192489363
345,0.04972701049664313
346,0.04971891832833866
347,0.04971438001414059
348,0.04970511405663403
349,0.04971340293841278
350,0.04969203511361171
351,0.049683944447271776
352,0.04969287604723735
353,0.04968773295156848
354,0.04968469978647076
355,0.04968728718793926
356,0.04969056429499311
357,0.04969835601413383
358,0.049696940366493914
359,0.04969525237261108
360,0.04968881805861888
361,0.04967449860642226
362,0.04967410624600645
363,0.04967246272027099
364,0.0496704297546219
365,0.04967005942215329
366,0.04967650313606983
367,0.04966758690440868
368,0.049660424720551266
369,0.049655489559693476
370,0.049647943618886914
371,0.0496351974020446
372,0.049628974632961585
373,0.049631779420948915
374,0.04962574690818102
375,0.04961262366696117
376,0.04960283437309728
377,0.04959327306220826
378,0.04958982999431105
379,0.04957946649264048
380,0.049583260282077664
381,0.04959160224695408
382,0.04959611559880692
383,0.04959193287954631
384,0.04958526415952998
385,0.04958434689804425
386,0.049585344118434536
387,0.0495953981814036
388,0.04958468292659407
389,0.04959176231851996
390,0.04958684122693298
391,0.04957510565900153
392,0.049607051817524436
393,0.04960450096784562
394,0.04959415807693811
395,0.04960516920893306
396,0.049611883694376614
397,0.04961799647510466
398,0.049632754847856134
399,0.0496496658023756
400,0.049670516910765836
401,0.04968313144020543
402,0.04967484475401193
403,0.04967662503480468
404,0.049667883869614175
405,0.0496592764646717
406,0.0496607449443402
407,0.04965866155500725
408,0.049665697676335385
409,0.04965592327187149
410,0.04965480679198186
411,0.049651455412475703
412,0.04965391599655298
413,0.04964874670064594
414,0.04966125771972701
415,0.04965713718334155
416,0.04966113401499437
417,0.049653203197071775
418,0.049649187003155223
419,0.04965512208505114
420,0.04965884658988943
421,0.04965152022956206
422,0.049659874196627166
423,0.04965573801811492
424,0.04966019281372056
425,0.0496728280876274
426,0.049659637905305
427,0.04966622540061268
428,0.04966581014976368
429,0.04967178176176033
430,0.04966367731846516
431,0.049665423639711076
432,0.049656886191520845
433,0.04965506919484839
434,0.049664600198777484
435,0.04965884989250756
436,0.049653140169921846
437,0.049650782029003984
438,0.04964885652960161
439,0.04964054662255701
440,0.049657987093645745
441,0.04966575045230852
442,0.049661163695801085
443,0.04966050629811048
444,0.04966665837244108
445,0.04966518484642879
446,0.04966287007359423
447,0.04966810964681433
448,0.049671283041347804
449,0.04965873016521943
450,0.0496744051286067
451,0.049672099741470965
452,0.049661807264236364
453,0.04967435306722485
454,0.0496807439479709
455,0.049687442425771854
456,0.04968306559130962
457,0.049668662697661695
458,0.0496722948859865
459,0.04966770597619546
460,0.049680213907349564
461,0.049691751524194895
462,0.049695650512963714
463,0.04969905064580857
464,0.049700911166983136
465,0.04968961211510048
466,0.04968812747581719
467,0.04969868438425835
468,0.04970433309176895
469,0.04970619468114987
470,0.04970110831746128
471,0.049710865022001526
472,0.04970734108030853
473,0.04970368858316865
474,0.0497071908619492
475,0.04971079637279797
476,0.04971167657445195
477,0.0497014616538286
478,0.04970453964617685
479,0.04970375296164138
480,0.049699651865074766
481,0.049695967953224764
482,0.04969845998411598
483,0.04971425782073425
484,0.04971569277262477
485,0.04970950976175333
486,0.04970273884275246
487,0.04969486653608322
488,0.049701658336852333
489,0.049694262945741315
490,0.04969761046115682
491,0.04970137887588388
492,0.04966752521017387
493,0.049667582392575425
494,0.049669835934244067
495,0.049658126070999974
496,0.04963998168270423
497,0.04963832997415168
498,0.04963075517776246
499,0.04962432196357431
500,0.04961625084077009
501,0.049605815229878496
502,0.04959180463314226
503,0.049579928228923494
504,0.04957596525631025
505,0.04956531782532485
506,0.049554307528694684
507,0.049533568837811334
508,0.04953233545753165
509,0.04952220045524618
510,0.049512691578574713
511,0.04950155236215988
512,0.049493000125490585
513,0.04948121552675091
514,0.04946613143321063
515,0.04945528952551571
516,0.049443735748350884
517,0.04943267381945806
518,0.049425885135990576
519,0.04941053631951454
520,0.049402214430252174
521,0.04939788367354671
522,0.04938093244213719
523,0.04937741294161427
524,0.04935589736949138
525,0.04935068235785361
526,0.04935644569003252
527,0.04933630582360656
528,0.04932028982294832
529,0.04931234244806717
530,0.049308422095326515
531,0.0492950338283574
532,0.04929370171163276
533,0.04928552787135686
534,0.04926938691273657
535,0.04925445604356235
536,0.0492437011343658
537,0.04922726448695953
538,0.049213339084034524
539,0.04920866587086956
540,0.04918908674004185
541,0.049177359852513945
542,0.0491648691495504
543,0.04915948416243726
544,0.049149157937416414
545,0.0491325306679934
546,0.04912390747433292
547,0.04910998871777796
548,0.049104183062939434
549,0.049098278248928214
550,0.04907927486621457
551,0.049069086932611826
552,0.04905964569881743
553,0.049037904145824235
554,0.04902765947415057
555,0.049010448961896415
556,0.04900385324484036
557,0.0489994025644138
558,0.04898055508934365
559,0.0489687920470673
560,0.04895105136754743
561,0.048935772254751216
562,0.04892804893126123
563,0.04890901448337961
564,0.04889215021761402
565,0.048885902405785484
566,0.04887464819209845
567,0.04885740201998228
568,0.04884971085119056
569,0.04883933401625221
570,0.04882665852361731
571,0.04881766133430042
572,0.0488100809683809
573,0.04879965116355456
574,0.048787653550907216
575,0.0487801860127359
576,0.04877700715218961
577,0.04877191283388236
578,0.048761212711540144
579,0.04875701927097468
580,0.04873924461306816
581,0.04872392625553592
582,0.04870511943343246
583,0.04868114918300059
584,0.04867444721207822
585,0.048664365000109094
586,0.04865224434157553
587,0.048641511554238626
588,0.048627561794526514
589,0.04861176519990848
590,0.04859554162785019
591,0.048588575625958766
592,0.04857961686333973
593,0.04856829497010811
594,0.0485510879788916
595,0.048554492803704635
596,0.04856187303157908
597,0.0485605201203642
598,0.04855812828175838
599,0.048551112610404935
600,0.04855042508205685
601,0.04855472510252352
602,0.04856337919292217
603,0.04856049612348133
604,0.048568517806528176
605,0.04857074589748241
606,0.04856475834193808
607,0.04857602361537972
608,0.048570325088712
609,0.048572842558517564
610,0.04857748972170863
611,0.04858602487881242
612,0.048585018399943426
613,0.048583839587272595
614,0.04858138089759753
615,0.04858400474693206
616,0.0485772889835066
617,0.04858090615946591
618,0.048574098317973206
619,0.04857992159867406
620,0.04856804161678465
621,0.04856731650904176
622,0.04856895956361696
623,0.048567198482088327
624,0.04857648444095223
625,0.0485758808827886
626,0.048570546145305336
627,0.04857736931943623
628,0.04857549784057425
629,0.04857439648044509
630,0.04856778564239256
631,0.0485753613024904
632,0.048565985251470746
633,0.048566163526077344
634,0.04856227611867397
635,0.048566641797222386
636,0.04856879940151073
637,0.0485647952154932
638,0.048562815630930734
639,0.04855999381796638
640,0.04856504346127367
641,0.048565091733155014
642,0.04856440682676111
643,0.048568704094720264
644,0.04856311506100213
645,0.04856681628997276
646,0.048573409899283916
647,0.04857441825615279
648,0.04857359926295532
649,0.048571041822594786
650,0.04856957434623741
651,0.04857587001707466
652,0.04857015614135737
653,0.048580503972420606
654,0.048578015406190986
655,0.048583191753416764
656,0.04857995706284349
657,0.04858019129623136
658,0.04858713469228218
659,0.04859825416824928
660,0.04860341687801754
661,0.048600377050754345
662,0.04859096224058228
663,0.04859416480081222
664,0.04860474069322577
665,0.04860781376726092
666,0.04860801183258355
667,0.04860914002700465
668,0.04860577132410556
669,0.04860793956258612
670,0.048606386698745535
671,0.04859192404105013
672,0.04859093210881457
673,0.0485938015963584
674,0.04859680576380559
675,0.04859572370757631
676,0.048593450681634585
677,0.04859551137223478
678,0.0485993989348899
679,0.04860116471572775
680,0.048605477977158945
681,0.048604018017579895
682,0.048602334342059544
683,0.048606685123923125
684,0.04860031975282789
685,0.048600147970808576
686,0.048607601037446733
687,0.048610805905128944
688,0.04861415397330283
689,0.04862049927652849
690,0.048624338818595514
691,0.04861767154102396
692,0.04862134871633682
693,0.048624848390417266
694,0.04862621274345061
695,0.04862325235571698
696,0.04862353613488097
697,0.04862639381483378
698,0.04862787409637768
699,0.04862284324552931
700,0.04862618965554997
701,0.0486228148618508
702,0.04861992020110074
703,0.048621462924539435
704,0.04861615414117615
705,0.0486164782201874
706,0.0486206251537954
707,0.048618096478214363
708,0.04861612073396733
709,0.04861062352621925
710,0.04861395339939207
711,0.048607616133918376
712,0.04860356865485438
713,0.04860330197800223
714,0.04860404453516186
715,0.048600363415565416
716,0.04860745506215605
717,0.048607665591600124
718,0.04861870631168729
719,0.04861982478652053
720,0.04862618095796735
721,0.04862448559317358
722,0.048630283344172034
723,0.04863312118172546
724,0.048631414197305184
725,0.04862251493698838
726,0.048627059356147855
727,0.04863173223512941
728,0.048639132965218566
729,0.04863853193220023
730,0.048635499741279994
731,0.04863558392657967
732,0.04864233654361958
733,0.04864233731725118
734,0.04865294971414167
735,0.0486562549856851
736,0.04865814951456115
737,0.048663478563658845
738,0.0486667906793684
739,0.04867364955188108
740,0.04867507872026666
741,0.048667181520307294
742,0.048674125564110514
743,0.04866832325571852
744,0.048674262996111765
745,0.04866902130750424
746,0.04867580826061041
747,0.0486750418034443
748,0.04867645134243396
749,0.048678034884041675
750,0.04867673262909475
751,0.04866486273118857
752,0.048674347582402765
753,0.0486655624473224
754,0.04866320931959931
755,0.04866095354496578
756,0.04866448716454217
757,0.048667733440619414
758,0.048673903470497895
759,0.04866412236246197
760,0.0486678305695347
761,0.04867349509644631
762,0.04868096727650271
763,0.04867586396364045
764,0.04867361173696243
765,0.04867760754672815
766,0.04866819218299846
767,0.04866600190193631
768,0.0486682348665612
769,0.04866645528964711
770,0.048669812239973846
771,0.04868106584749416
772,0.04867953842075442
773,0.04868456666101512
774,0.04868304817602544
775,0.04868335557422533
776,0.04868270435015386
777,0.04868406282660762
778,0.048678681304945626
779,0.04867813993311842
780,0.048673360298738026
781,0.04867641136455435
782,0.04867772069443979
783,0.04867492086601966
784,0.04868091507079908
785,0.04868281413603047
786,0.0486711562013014
787,0.04867057143694598
788,0.04867143238300218
789,0.048663252391134226
790,0.04867201128584775
791,0.048681192839626235
792,0.04867582645204717
793,0.048667484574505857
794,0.048666192453568846
795,0.04866230338112398
796,0.04866345355059611
797,0.04866392575949936
798,0.048660150172126077
799,0.04866743053485911
800,0.04866084767958576
801,0.048673252251056114
802,0.04866966724926197
803,0.048672193197654576
804,0.04867485103162034
805,0.048671967700527514
806,0.04866862998745488
807,0.04866733603107696
808,0.04866956797566798
809,0.048671893368623896
810,0.048661178342384634
811,0.048659529520329065
812,0.048656344847334665
813,0.048658858902440566
814,0.048666413184434085
815,0.0486640347220734
816,0.04866342778875764
817,0.04866283431904293
818,0.048658865655757194
819,0.048646936457753774
820,0.048654246330736964
821,0.04865483295477615
822,0.0486492573042433
823,0.04864590271668948
824,0.04864655555069943
825,0.048647025280452685
826,0.048645567884050035
827,0.04864076461794191
828,0.04863691273222785
829,0.04863488769092463
830,0.048642842073006176
831,0.04863710841749488
832,0.04863432193953641
833,0.04863813205391323
834,0.04862824758190807
835,0.04862766543405161
836,0.04861936216534516
837,0.04861616094196257
838,0.04862149358784516
839,0.04862016032474494
840,0.04861499995210952
841,0.04861852848300308
842,0.04861781818762671
843,0.04861300928643057
844,0.04860624504612223
845,0.048612014242545826
846,0.04860539053503579
847,0.04860516622984266
848,0.04860246996915713
849,0.04860281818897503
850,0.048605063251196234
851,0.04861415148859205
852,0.04861480626479542
853,0.04861614318111793
854,0.048624763427000894
855,0.04862444779910186
856,0.04862040326329976
857,0.04861663544589498
858,0.04861893209489596
859,0.04862167267611596
860,0.04861236533872906
861,0.04861292460443258
862,0.04861309400218275
863,0.04862410755158506
864,0.04862226045757582
865,0.04862530918621393
866,0.04863182872267701
867,0.048630599323860685
868,0.04863229180372248
869,0.048637779542229864
870,0.04863289175188645
871,0.048624197631099854
872,0.04861995257784199
873,0.04861782425185288
874,0.04861883995087347
875,0.04861987659181952
876,0.04861947932775362
877,0.0486183808751709
878,0.04861565382126943
879,0.04862150088434813
880,0.048627493448631764
881,0.04862854425610942
882,0.04863037723436032
883,0.04862972605833351
884,0.04862542997860568
885,0.04862492982981192
886,0.04862985993429928
887,0.04863088644043922
888,0.048628045944181124
889,0.048624549264668235
890,0.04861703380151681
891,0.048612671262622045
892,0.04861316332412738
893,0.048621509474945514
894,0.04862854858546577
